[]
[561]
[477, 614]
[98, 765, 795]
[335, 586, 606, 720]
[28, 172, 419, 778, 892]
[231, 438, 605, 699, 757, 922]
[72, 132, 181, 420, 440, 775, 810]
[33, 45, 172, 377, 594, 900, 918, 952]
[35, 130, 351, 523, 615, 722, 765, 909, 937]
[100, 386, 443, 495, 521, 624, 727, 798, 849, 959]
[213, 272, 542, 590, 786, 848, 868, 893, 901, 961, 968]
[5, 35, 115, 237, 245, 362, 506, 618, 651, 658, 795, 929]
[237, 277, 497, 500, 523, 648, 751, 787, 826, 834, 861, 953, 968]
[0, 57, 63, 66, 134, 216, 513, 592, 599, 655, 685, 844, 854, 942]
[18, 42, 78, 184, 309, 454, 497, 647, 673, 812, 841, 847, 894, 940, 940]
[107, 114, 164, 171, 248, 260, 338, 389, 516, 523, 545, 691, 753, 847, 852, 856]
[18, 132, 145, 234, 251, 348, 424, 568, 604, 684, 698, 748, 761, 830, 840, 898, 992]
[136, 170, 195, 198, 238, 250, 322, 331, 347, 454, 502, 578, 587, 637, 711, 888, 931, 961]
[75, 78, 106, 123, 179, 181, 255, 363, 451, 469, 475, 527, 603, 651, 665, 679, 804, 871, 998]
[209, 253, 332, 367, 381, 391, 403, 430, 476, 479, 498, 588, 616, 677, 770, 801, 864, 925, 949, 951]
[55, 84, 120, 133, 335, 367, 421, 440, 441, 532, 560, 576, 619, 686, 700, 703, 772, 867, 938, 953, 984]
[26, 114, 155, 200, 219, 260, 327, 375, 429, 445, 446, 565, 570, 676, 685, 732, 818, 820, 877, 920, 928, 991]
[91, 92, 128, 157, 199, 256, 284, 329, 344, 412, 416, 464, 521, 695, 697, 723, 750, 770, 836, 902, 957, 957, 968]
[34, 35, 162, 199, 264, 282, 282, 325, 356, 411, 436, 447, 453, 502, 554, 585, 628, 822, 860, 869, 869, 944, 947, 984]
[35, 53, 89, 100, 121, 143, 152, 186, 213, 290, 293, 309, 345, 359, 383, 399, 452, 465, 619, 664, 791, 888, 909, 943, 948]
[7, 17, 43, 65, 121, 178, 199, 252, 256, 279, 294, 310, 464, 516, 552, 565, 616, 618, 624, 678, 767, 772, 841, 924, 965, 993]
[14, 56, 108, 133, 134, 138, 160, 177, 198, 274, 335, 407, 441, 525, 565, 573, 619, 686, 698, 709, 741, 816, 822, 925, 955, 959, 989]
[0, 14, 41, 51, 53, 89, 112, 116, 126, 130, 149, 205, 276, 317, 326, 387, 431, 443, 450, 492, 551, 566, 596, 671, 700, 715, 914, 931]
[51, 92, 111, 121, 133, 244, 283, 286, 416, 428, 430, 452, 482, 491, 527, 539, 541, 564, 610, 655, 690, 743, 752, 811, 857, 878, 878, 908, 959]
[20, 35, 81, 119, 124, 152, 180, 192, 218, 288, 297, 313, 324, 389, 413, 450, 498, 505, 557, 558, 576, 606, 609, 620, 661, 728, 767, 790, 835, 977]
[14, 66, 69, 69, 139, 156, 207, 207, 292, 383, 393, 408, 414, 465, 466, 485, 507, 510, 519, 588, 657, 775, 786, 833, 849, 851, 856, 878, 894, 975, 989]
[47, 49, 50, 176, 203, 245, 256, 261, 309, 314, 339, 375, 402, 416, 438, 486, 495, 531, 533, 540, 542, 582, 593, 694, 698, 703, 883, 909, 924, 943, 953, 990]
[11, 20, 50, 62, 114, 122, 141, 167, 198, 198, 229, 230, 234, 276, 295, 303, 347, 353, 453, 529, 535, 610, 612, 739, 769, 808, 811, 825, 834, 859, 864, 910, 920]
[46, 49, 63, 85, 87, 98, 116, 130, 139, 141, 151, 167, 188, 223, 226, 261, 300, 311, 320, 423, 494, 502, 635, 719, 726, 728, 741, 777, 815, 868, 933, 948, 964, 969]
[48, 101, 115, 119, 150, 159, 165, 181, 186, 193, 233, 284, 335, 380, 391, 441, 446, 450, 459, 489, 527, 532, 537, 601, 647, 691, 747, 764, 800, 838, 840, 874, 877, 899, 948]
[10, 24, 60, 63, 159, 172, 185, 221, 229, 243, 250, 292, 346, 354, 370, 423, 437, 457, 470, 485, 496, 497, 507, 535, 560, 670, 671, 691, 692, 738, 813, 856, 894, 940, 952, 964]
[18, 78, 140, 156, 168, 176, 198, 253, 291, 297, 307, 394, 485, 486, 532, 595, 616, 653, 653, 677, 700, 707, 730, 740, 740, 750, 781, 784, 800, 826, 859, 876, 903, 906, 921, 927, 947]
[117, 148, 149, 158, 164, 171, 192, 236, 240, 240, 299, 307, 386, 396, 397, 407, 415, 438, 447, 467, 490, 527, 549, 589, 591, 616, 642, 654, 657, 787, 790, 797, 827, 873, 898, 904, 930, 947]
[25, 39, 91, 128, 139, 156, 160, 180, 279, 301, 363, 402, 459, 487, 491, 525, 537, 541, 543, 614, 622, 671, 680, 681, 710, 739, 774, 777, 789, 798, 840, 913, 915, 936, 946, 967, 983, 989, 989]
[4, 95, 120, 143, 282, 287, 303, 322, 370, 376, 402, 403, 410, 428, 436, 436, 458, 464, 466, 477, 491, 502, 559, 582, 638, 658, 693, 762, 779, 779, 780, 803, 823, 827, 847, 881, 890, 932, 977, 978]
[54, 59, 95, 120, 126, 130, 133, 193, 205, 227, 320, 353, 405, 424, 426, 472, 476, 487, 496, 511, 555, 577, 623, 643, 672, 700, 705, 722, 723, 745, 809, 822, 832, 851, 864, 903, 912, 915, 937, 941, 965]
[7, 25, 40, 184, 217, 229, 246, 276, 284, 386, 391, 404, 411, 512, 517, 545, 614, 640, 642, 646, 661, 667, 680, 684, 693, 719, 741, 766, 775, 801, 805, 817, 841, 850, 858, 859, 884, 885, 886, 889, 891, 892]
[36, 100, 134, 140, 144, 167, 251, 266, 315, 317, 325, 338, 386, 401, 406, 485, 495, 560, 565, 589, 613, 620, 625, 629, 650, 653, 685, 701, 710, 717, 723, 732, 735, 749, 755, 758, 762, 763, 815, 863, 866, 882, 947]
[10, 28, 31, 38, 75, 112, 126, 139, 149, 177, 233, 244, 281, 287, 347, 364, 374, 383, 394, 416, 432, 448, 465, 471, 502, 506, 509, 542, 549, 564, 576, 579, 583, 634, 639, 730, 814, 836, 903, 963, 964, 974, 980, 993]
[62, 74, 106, 139, 150, 166, 192, 201, 219, 221, 241, 267, 326, 328, 342, 414, 424, 426, 466, 472, 553, 589, 603, 616, 628, 644, 697, 743, 758, 761, 771, 775, 784, 805, 850, 858, 887, 900, 939, 945, 964, 970, 979, 984, 989]
[67, 111, 131, 162, 164, 172, 190, 250, 257, 266, 286, 296, 301, 308, 313, 412, 429, 454, 481, 493, 505, 578, 586, 589, 593, 616, 631, 692, 713, 730, 760, 832, 845, 848, 853, 855, 872, 885, 885, 904, 906, 920, 923, 968, 995, 998]
[0, 24, 54, 56, 58, 76, 137, 137, 148, 178, 192, 199, 229, 268, 314, 321, 345, 413, 428, 458, 468, 502, 513, 515, 522, 540, 547, 547, 554, 566, 576, 616, 635, 678, 683, 690, 718, 766, 791, 850, 862, 869, 882, 897, 922, 964, 965]
[62, 66, 101, 130, 134, 144, 167, 199, 201, 222, 233, 265, 269, 280, 287, 293, 294, 333, 367, 375, 417, 427, 443, 445, 473, 502, 502, 514, 534, 567, 578, 653, 670, 677, 677, 694, 697, 708, 712, 731, 732, 767, 850, 865, 926, 947, 961, 991]
[13, 21, 64, 71, 72, 98, 110, 145, 160, 172, 176, 201, 208, 221, 231, 240, 282, 291, 312, 313, 384, 401, 427, 431, 440, 448, 474, 475, 543, 550, 560, 572, 589, 632, 649, 676, 694, 716, 720, 747, 766, 785, 814, 866, 935, 941, 952, 973, 975]
[33, 39, 42, 111, 125, 130, 153, 156, 183, 207, 245, 282, 306, 350, 463, 468, 508, 513, 530, 546, 565, 592, 628, 633, 640, 643, 650, 654, 674, 698, 706, 715, 716, 722, 752, 768, 770, 793, 793, 807, 814, 828, 836, 882, 903, 904, 916, 977, 992, 993]
[40, 54, 62, 72, 87, 91, 96, 98, 98, 103, 124, 153, 157, 159, 172, 209, 227, 265, 313, 336, 357, 390, 453, 465, 520, 535, 546, 549, 575, 581, 593, 598, 622, 624, 634, 678, 681, 683, 705, 715, 741, 747, 748, 756, 805, 854, 856, 882, 901, 908, 931]
[70, 100, 104, 127, 133, 143, 163, 169, 172, 195, 201, 256, 275, 286, 288, 300, 310, 323, 344, 345, 356, 383, 416, 420, 435, 455, 458, 472, 488, 533, 555, 599, 608, 614, 650, 651, 684, 702, 702, 718, 727, 760, 780, 831, 835, 837, 839, 851, 877, 903, 912, 937]
[16, 48, 60, 118, 122, 125, 142, 181, 185, 191, 197, 245, 287, 294, 332, 338, 341, 370, 372, 375, 408, 435, 469, 470, 475, 539, 540, 544, 582, 595, 628, 643, 649, 652, 670, 703, 742, 754, 754, 778, 781, 795, 802, 843, 853, 881, 897, 906, 933, 959, 976, 995, 998]
[3, 3, 11, 15, 27, 43, 49, 53, 64, 81, 85, 177, 187, 247, 281, 283, 301, 310, 344, 365, 378, 406, 406, 413, 434, 446, 450, 487, 499, 503, 520, 541, 542, 592, 595, 601, 616, 692, 719, 733, 735, 736, 787, 798, 810, 826, 841, 847, 858, 891, 907, 943, 955, 959]
[10, 13, 30, 54, 62, 119, 132, 147, 177, 213, 297, 307, 337, 337, 366, 392, 403, 421, 429, 442, 463, 535, 548, 555, 580, 582, 582, 582, 605, 608, 610, 622, 623, 641, 660, 667, 676, 703, 703, 758, 784, 786, 787, 811, 812, 815, 834, 835, 863, 883, 901, 905, 917, 934, 958]
[28, 33, 50, 68, 93, 110, 131, 131, 156, 179, 243, 263, 271, 272, 312, 313, 337, 353, 357, 368, 413, 419, 469, 477, 484, 494, 544, 558, 585, 587, 632, 648, 656, 671, 682, 717, 721, 722, 727, 763, 771, 793, 796, 814, 858, 861, 868, 868, 898, 919, 932, 935, 937, 950, 974, 977]
[13, 18, 18, 31, 98, 100, 144, 144, 173, 179, 241, 272, 278, 320, 365, 386, 407, 416, 419, 420, 441, 453, 458, 461, 494, 512, 550, 566, 575, 593, 599, 605, 641, 653, 710, 735, 737, 750, 769, 790, 807, 808, 809, 811, 822, 823, 835, 897, 901, 901, 901, 923, 924, 946, 969, 977, 988]
[5, 16, 27, 60, 74, 78, 99, 104, 109, 127, 158, 180, 196, 206, 257, 291, 303, 304, 360, 372, 386, 401, 408, 438, 454, 455, 480, 518, 522, 534, 540, 541, 561, 562, 579, 612, 616, 628, 631, 634, 677, 687, 688, 699, 703, 727, 778, 877, 894, 908, 916, 931, 932, 934, 939, 948, 959, 986]
[44, 48, 127, 130, 135, 143, 156, 233, 234, 240, 249, 263, 273, 282, 304, 312, 318, 336, 343, 347, 351, 367, 404, 413, 420, 442, 456, 461, 483, 498, 513, 524, 570, 605, 614, 616, 656, 684, 688, 691, 699, 720, 738, 766, 798, 800, 844, 860, 876, 928, 943, 950, 954, 956, 960, 971, 978, 984, 992]
[6, 16, 20, 46, 60, 108, 121, 138, 139, 140, 148, 163, 181, 195, 221, 259, 355, 387, 398, 432, 434, 455, 475, 482, 519, 582, 614, 644, 654, 658, 661, 680, 726, 746, 754, 763, 768, 783, 784, 801, 816, 821, 833, 845, 848, 861, 880, 889, 893, 905, 936, 945, 952, 955, 959, 962, 962, 971, 974, 984]
[12, 22, 40, 48, 54, 64, 64, 78, 137, 152, 156, 169, 183, 220, 245, 288, 327, 343, 353, 362, 366, 371, 373, 387, 425, 433, 451, 466, 477, 492, 504, 506, 516, 522, 569, 607, 622, 623, 641, 647, 659, 663, 688, 728, 767, 804, 819, 823, 825, 826, 832, 861, 865, 878, 919, 926, 942, 944, 981, 984, 997]
[1, 44, 139, 142, 143, 146, 163, 165, 206, 209, 224, 230, 230, 245, 259, 260, 262, 276, 276, 284, 340, 340, 348, 362, 376, 393, 396, 403, 411, 430, 485, 516, 582, 615, 626, 669, 691, 702, 714, 734, 762, 762, 765, 788, 812, 812, 837, 848, 858, 874, 878, 903, 925, 927, 930, 940, 970, 976, 978, 980, 982, 997]
[14, 15, 26, 59, 66, 66, 82, 97, 126, 147, 167, 171, 187, 194, 259, 282, 282, 283, 292, 346, 352, 357, 368, 409, 424, 431, 470, 497, 500, 516, 518, 522, 541, 542, 564, 567, 574, 590, 596, 603, 607, 625, 648, 650, 664, 666, 708, 725, 732, 750, 753, 758, 774, 790, 791, 791, 805, 835, 864, 875, 907, 927, 985]
[3, 3, 13, 33, 49, 61, 107, 110, 127, 150, 190, 196, 200, 200, 227, 231, 238, 288, 305, 338, 364, 378, 391, 415, 426, 442, 449, 451, 460, 468, 470, 492, 497, 498, 510, 517, 521, 532, 598, 600, 601, 617, 634, 642, 646, 658, 668, 699, 713, 726, 819, 822, 884, 898, 900, 900, 901, 904, 907, 917, 921, 931, 948, 989]
[12, 31, 33, 77, 79, 97, 110, 128, 142, 154, 181, 187, 214, 219, 257, 262, 317, 339, 347, 365, 365, 368, 376, 382, 398, 403, 405, 421, 437, 442, 448, 482, 483, 490, 520, 527, 542, 555, 644, 655, 658, 665, 681, 693, 720, 723, 743, 763, 779, 780, 793, 800, 805, 813, 847, 855, 888, 895, 907, 908, 927, 943, 951, 962, 979]
[12, 17, 52, 58, 66, 82, 136, 149, 155, 183, 186, 188, 204, 209, 218, 219, 225, 253, 253, 258, 264, 265, 304, 307, 367, 368, 413, 414, 416, 498, 499, 525, 528, 544, 551, 552, 562, 570, 583, 585, 607, 624, 629, 643, 648, 674, 681, 682, 684, 701, 745, 778, 813, 818, 835, 854, 878, 884, 893, 902, 916, 919, 940, 946, 956, 967]
[0, 1, 41, 51, 57, 64, 64, 67, 110, 115, 130, 135, 146, 192, 200, 214, 214, 232, 247, 255, 256, 281, 282, 282, 289, 301, 312, 338, 340, 400, 406, 431, 473, 494, 525, 539, 563, 579, 581, 600, 617, 622, 646, 646, 681, 693, 696, 729, 744, 746, 750, 751, 751, 759, 772, 773, 779, 791, 807, 814, 827, 899, 903, 929, 933, 959, 994]
[38, 71, 153, 160, 166, 169, 208, 210, 224, 248, 259, 293, 340, 342, 385, 392, 400, 434, 436, 452, 473, 475, 476, 486, 494, 495, 508, 536, 544, 560, 566, 575, 583, 583, 594, 598, 608, 639, 654, 655, 663, 685, 693, 702, 703, 725, 730, 770, 787, 790, 796, 802, 850, 852, 865, 869, 872, 880, 884, 894, 895, 901, 901, 918, 925, 935, 938, 974]
[20, 21, 22, 24, 42, 44, 53, 66, 76, 86, 89, 110, 126, 169, 182, 190, 220, 251, 255, 276, 279, 307, 308, 321, 343, 346, 354, 358, 363, 452, 462, 505, 508, 511, 523, 526, 533, 562, 572, 592, 596, 602, 627, 650, 650, 695, 712, 717, 736, 743, 790, 796, 800, 802, 832, 836, 838, 845, 875, 880, 882, 892, 910, 920, 925, 942, 950, 958, 989]
[4, 16, 22, 23, 92, 114, 163, 173, 197, 202, 210, 243, 259, 268, 276, 297, 332, 346, 355, 373, 377, 390, 408, 413, 417, 436, 441, 446, 503, 534, 558, 562, 564, 572, 575, 581, 587, 622, 623, 623, 638, 646, 649, 657, 675, 675, 687, 696, 711, 753, 760, 765, 775, 793, 805, 813, 842, 859, 859, 885, 891, 915, 922, 926, 943, 948, 952, 952, 967, 982]
[28, 41, 43, 43, 65, 87, 103, 128, 134, 153, 195, 213, 215, 219, 276, 287, 298, 308, 349, 370, 383, 414, 425, 439, 440, 464, 473, 478, 492, 496, 502, 503, 514, 515, 539, 551, 563, 577, 591, 594, 606, 617, 619, 621, 628, 637, 645, 697, 699, 729, 731, 739, 740, 757, 758, 773, 796, 823, 827, 834, 836, 847, 854, 892, 909, 931, 936, 942, 968, 978, 991]
[74, 83, 99, 102, 150, 158, 196, 201, 213, 250, 253, 281, 288, 296, 306, 313, 326, 345, 375, 388, 408, 410, 415, 415, 419, 423, 444, 446, 456, 458, 472, 472, 508, 515, 541, 542, 544, 556, 560, 564, 565, 570, 590, 602, 609, 622, 625, 631, 633, 642, 657, 665, 676, 680, 748, 764, 766, 800, 806, 823, 843, 845, 848, 863, 880, 881, 893, 900, 926, 929, 946, 982]
[24, 38, 39, 50, 88, 112, 143, 153, 162, 173, 175, 180, 186, 198, 212, 212, 213, 226, 230, 254, 282, 290, 292, 312, 322, 325, 329, 337, 351, 374, 425, 428, 428, 444, 449, 453, 500, 511, 511, 525, 527, 553, 562, 566, 576, 601, 615, 649, 666, 675, 676, 697, 738, 750, 758, 761, 765, 772, 774, 777, 777, 789, 819, 851, 879, 887, 896, 918, 938, 970, 981, 988, 991]
[30, 34, 93, 105, 114, 142, 153, 160, 210, 220, 224, 232, 240, 249, 252, 268, 272, 274, 284, 333, 333, 349, 381, 434, 437, 447, 448, 453, 462, 469, 486, 486, 491, 495, 520, 522, 530, 554, 556, 565, 566, 573, 578, 580, 582, 583, 592, 603, 615, 617, 638, 644, 656, 668, 686, 692, 708, 710, 725, 727, 747, 753, 762, 775, 783, 792, 815, 845, 872, 889, 936, 978, 983, 992]
[6, 8, 17, 62, 68, 78, 91, 93, 99, 102, 124, 137, 141, 187, 193, 199, 202, 213, 217, 228, 244, 259, 279, 280, 296, 298, 316, 319, 340, 361, 369, 374, 376, 417, 436, 457, 490, 499, 518, 526, 584, 586, 587, 598, 603, 606, 613, 653, 677, 686, 691, 710, 718, 721, 726, 730, 739, 744, 753, 755, 772, 797, 802, 837, 866, 881, 892, 902, 914, 936, 945, 948, 953, 965, 992]
[47, 101, 111, 138, 154, 166, 171, 171, 179, 184, 184, 185, 194, 195, 204, 232, 245, 249, 253, 258, 265, 298, 304, 311, 323, 334, 341, 354, 365, 371, 388, 431, 451, 451, 452, 462, 519, 530, 544, 565, 584, 595, 618, 622, 627, 628, 637, 639, 657, 690, 706, 711, 722, 730, 741, 747, 756, 775, 775, 775, 781, 791, 803, 823, 833, 845, 851, 854, 854, 920, 927, 930, 946, 950, 950, 973]
[38, 45, 53, 54, 63, 67, 72, 129, 142, 158, 171, 197, 214, 240, 258, 260, 268, 286, 318, 323, 329, 332, 351, 377, 402, 415, 428, 429, 429, 431, 434, 434, 487, 504, 520, 523, 530, 530, 539, 540, 543, 553, 553, 562, 586, 586, 594, 616, 622, 649, 655, 657, 702, 769, 780, 791, 800, 801, 806, 817, 824, 831, 834, 841, 850, 867, 887, 888, 889, 894, 939, 939, 942, 949, 982, 989, 993]
[25, 29, 40, 57, 84, 104, 115, 116, 141, 143, 147, 158, 160, 173, 184, 185, 191, 205, 229, 273, 295, 301, 312, 320, 376, 377, 383, 384, 403, 403, 406, 407, 409, 411, 416, 416, 432, 499, 524, 537, 547, 556, 561, 575, 591, 596, 598, 609, 615, 616, 621, 624, 642, 692, 721, 727, 727, 744, 755, 775, 783, 800, 822, 827, 837, 842, 849, 855, 857, 863, 890, 915, 940, 968, 975, 986, 990, 997]
[13, 46, 58, 60, 71, 76, 121, 121, 122, 124, 138, 168, 177, 186, 195, 210, 231, 253, 260, 270, 276, 298, 338, 342, 346, 347, 357, 398, 403, 404, 417, 419, 422, 431, 463, 468, 483, 508, 518, 520, 520, 522, 527, 528, 533, 548, 550, 561, 576, 580, 581, 594, 597, 658, 660, 664, 666, 667, 680, 687, 699, 729, 734, 741, 758, 813, 825, 826, 832, 843, 878, 891, 894, 894, 913, 936, 962, 971, 988]
[0, 0, 5, 22, 27, 30, 33, 75, 94, 99, 139, 156, 175, 229, 234, 254, 322, 346, 355, 367, 368, 369, 394, 399, 402, 412, 416, 440, 444, 449, 453, 486, 488, 538, 557, 569, 578, 603, 611, 614, 625, 626, 636, 647, 664, 670, 673, 688, 700, 705, 720, 726, 729, 732, 740, 743, 753, 757, 775, 787, 790, 794, 821, 832, 835, 844, 861, 868, 872, 879, 881, 891, 896, 898, 950, 953, 956, 970, 974, 978]
[0, 22, 43, 62, 68, 77, 79, 92, 106, 117, 149, 152, 161, 163, 170, 217, 222, 236, 243, 244, 257, 265, 289, 313, 317, 327, 330, 338, 341, 373, 378, 378, 380, 381, 382, 393, 398, 424, 429, 460, 537, 543, 547, 547, 561, 587, 592, 603, 617, 628, 632, 632, 643, 652, 659, 661, 669, 718, 734, 741, 743, 753, 765, 789, 805, 833, 844, 865, 870, 871, 874, 878, 878, 893, 896, 916, 917, 938, 966, 970, 999]
[1, 14, 37, 39, 39, 46, 53, 62, 76, 80, 83, 111, 115, 138, 139, 157, 163, 187, 210, 223, 238, 243, 266, 293, 302, 304, 338, 339, 366, 381, 410, 418, 421, 453, 466, 489, 499, 565, 575, 577, 578, 580, 591, 612, 621, 625, 628, 636, 637, 656, 660, 673, 714, 733, 744, 744, 756, 756, 768, 775, 779, 801, 803, 812, 820, 844, 847, 864, 877, 883, 898, 901, 920, 931, 935, 957, 965, 967, 968, 979, 988, 998]
[9, 16, 17, 22, 56, 75, 88, 100, 115, 121, 136, 170, 201, 203, 218, 245, 258, 272, 283, 284, 287, 315, 323, 328, 338, 340, 347, 363, 366, 372, 376, 394, 400, 407, 407, 423, 427, 429, 440, 448, 452, 464, 472, 478, 522, 537, 550, 558, 563, 582, 596, 607, 612, 618, 622, 644, 654, 658, 660, 677, 694, 709, 716, 741, 747, 764, 773, 808, 810, 830, 839, 843, 849, 863, 886, 897, 908, 918, 920, 947, 964, 970, 979]
[6, 9, 19, 31, 39, 57, 60, 80, 86, 90, 100, 101, 123, 152, 155, 156, 173, 177, 196, 198, 203, 222, 260, 285, 304, 306, 363, 370, 373, 390, 405, 425, 425, 436, 475, 477, 484, 503, 509, 513, 529, 533, 559, 562, 564, 567, 571, 577, 609, 618, 625, 649, 677, 695, 708, 710, 711, 712, 727, 731, 738, 772, 782, 789, 809, 816, 824, 832, 835, 855, 866, 868, 872, 891, 892, 906, 913, 919, 921, 929, 968, 972, 978, 980]
[20, 45, 82, 89, 100, 104, 110, 121, 138, 152, 171, 196, 201, 202, 205, 207, 224, 239, 255, 275, 306, 339, 348, 361, 366, 367, 374, 376, 406, 437, 452, 459, 464, 465, 485, 490, 494, 498, 511, 518, 518, 555, 600, 605, 614, 631, 640, 642, 644, 646, 665, 682, 682, 685, 695, 712, 719, 721, 738, 739, 746, 780, 781, 787, 788, 794, 815, 822, 827, 835, 838, 859, 868, 873, 873, 876, 899, 915, 915, 922, 966, 970, 978, 985, 997]
[15, 18, 23, 23, 51, 52, 55, 58, 58, 73, 74, 75, 84, 114, 117, 117, 119, 149, 157, 160, 200, 207, 218, 231, 250, 251, 303, 317, 353, 362, 380, 407, 418, 420, 432, 444, 448, 464, 474, 489, 492, 494, 496, 510, 516, 523, 535, 539, 545, 548, 564, 585, 586, 591, 607, 614, 644, 659, 667, 668, 675, 684, 685, 692, 694, 710, 719, 735, 739, 751, 752, 763, 776, 788, 828, 838, 841, 872, 895, 921, 924, 925, 958, 966, 979, 989]
[2, 17, 27, 37, 46, 51, 69, 89, 90, 106, 110, 130, 131, 135, 167, 180, 217, 225, 228, 233, 238, 248, 260, 262, 290, 300, 311, 315, 332, 346, 370, 439, 442, 446, 449, 460, 470, 473, 476, 486, 534, 538, 538, 543, 563, 594, 600, 614, 614, 617, 629, 631, 632, 633, 650, 653, 660, 665, 667, 674, 675, 679, 710, 716, 752, 768, 797, 799, 810, 811, 850, 853, 863, 878, 910, 914, 925, 927, 942, 960, 962, 964, 977, 981, 993, 993, 996]
[1, 4, 17, 18, 42, 60, 80, 81, 85, 95, 108, 110, 114, 131, 146, 172, 182, 185, 186, 192, 199, 214, 215, 220, 228, 231, 234, 239, 254, 293, 296, 311, 319, 321, 323, 332, 427, 437, 437, 455, 463, 464, 470, 488, 499, 506, 508, 509, 527, 542, 543, 543, 564, 581, 594, 604, 639, 648, 658, 701, 718, 718, 747, 748, 751, 768, 769, 783, 783, 791, 795, 798, 814, 821, 824, 832, 848, 849, 854, 875, 904, 918, 925, 944, 965, 976, 984, 996]
[9, 36, 37, 38, 42, 70, 74, 76, 110, 112, 124, 129, 142, 143, 144, 168, 174, 224, 226, 231, 237, 268, 280, 288, 296, 305, 307, 321, 322, 350, 354, 355, 366, 388, 392, 412, 434, 434, 437, 441, 442, 472, 472, 479, 505, 531, 532, 542, 548, 563, 588, 592, 605, 610, 620, 639, 642, 668, 687, 687, 695, 705, 717, 727, 729, 740, 752, 753, 766, 787, 803, 826, 832, 836, 885, 892, 906, 911, 915, 928, 932, 940, 943, 952, 971, 972, 973, 974, 999]
[2, 10, 16, 20, 21, 21, 49, 55, 74, 75, 85, 107, 114, 122, 136, 138, 152, 155, 162, 164, 179, 181, 193, 218, 219, 240, 251, 252, 262, 268, 275, 276, 288, 292, 295, 307, 328, 375, 389, 394, 412, 417, 427, 458, 460, 479, 485, 486, 508, 517, 523, 532, 534, 535, 539, 544, 558, 587, 599, 617, 618, 622, 640, 641, 647, 648, 655, 675, 677, 685, 686, 689, 701, 703, 728, 729, 735, 744, 753, 807, 810, 855, 868, 889, 907, 914, 916, 940, 960, 977]
[7, 39, 71, 113, 117, 120, 136, 143, 167, 177, 184, 184, 220, 222, 223, 227, 228, 247, 249, 254, 288, 312, 312, 319, 328, 329, 336, 339, 345, 347, 350, 358, 371, 406, 429, 461, 464, 477, 501, 512, 512, 521, 526, 540, 542, 562, 584, 587, 599, 600, 612, 614, 615, 616, 623, 626, 628, 675, 678, 700, 704, 705, 713, 741, 750, 767, 768, 783, 785, 789, 792, 793, 795, 830, 835, 842, 852, 861, 885, 886, 889, 895, 900, 907, 920, 925, 927, 931, 940, 950, 977]
[0, 49, 55, 56, 58, 60, 61, 64, 97, 100, 116, 118, 121, 124, 125, 129, 143, 161, 188, 193, 195, 205, 209, 219, 227, 243, 248, 255, 294, 302, 320, 324, 329, 331, 350, 361, 368, 398, 401, 425, 425, 429, 432, 456, 461, 467, 472, 478, 512, 521, 534, 534, 539, 543, 546, 602, 610, 624, 630, 638, 651, 669, 710, 730, 734, 748, 771, 772, 794, 801, 801, 805, 806, 816, 828, 831, 831, 843, 853, 873, 884, 891, 902, 924, 929, 930, 931, 965, 975, 981, 985, 999]
[21, 33, 36, 41, 56, 60, 82, 90, 100, 117, 141, 142, 167, 170, 173, 179, 183, 192, 203, 208, 227, 228, 232, 262, 263, 266, 284, 295, 297, 303, 305, 313, 314, 320, 322, 323, 326, 330, 333, 347, 382, 424, 434, 463, 483, 483, 490, 498, 508, 534, 542, 545, 552, 560, 568, 593, 627, 638, 653, 666, 673, 718, 719, 722, 767, 769, 789, 791, 803, 803, 826, 834, 843, 854, 855, 867, 871, 873, 875, 877, 878, 887, 897, 915, 918, 919, 935, 935, 949, 953, 956, 981, 981]
[13, 20, 33, 43, 48, 65, 73, 76, 78, 81, 81, 82, 88, 89, 97, 101, 132, 133, 148, 149, 158, 170, 170, 209, 211, 214, 252, 266, 276, 279, 304, 312, 328, 367, 379, 403, 411, 436, 456, 457, 496, 500, 506, 510, 529, 529, 538, 551, 552, 582, 588, 601, 601, 608, 613, 615, 622, 623, 633, 647, 649, 660, 663, 667, 670, 670, 675, 722, 723, 723, 724, 728, 754, 770, 775, 777, 818, 825, 846, 847, 859, 878, 879, 897, 900, 922, 934, 937, 940, 941, 945, 960, 969, 994]
[6, 24, 41, 64, 68, 72, 73, 75, 81, 90, 94, 98, 114, 122, 128, 150, 156, 157, 158, 191, 194, 195, 198, 200, 222, 223, 239, 260, 274, 284, 305, 326, 329, 362, 369, 386, 390, 393, 393, 416, 421, 424, 434, 446, 476, 487, 494, 500, 506, 506, 507, 521, 521, 546, 548, 566, 577, 578, 588, 608, 616, 617, 634, 635, 644, 645, 648, 662, 676, 682, 697, 698, 703, 704, 717, 737, 742, 773, 777, 797, 816, 816, 840, 845, 849, 854, 869, 871, 898, 899, 924, 951, 955, 973, 997]
[0, 8, 22, 30, 42, 48, 62, 64, 71, 79, 84, 89, 101, 128, 133, 136, 139, 153, 156, 177, 183, 189, 199, 245, 249, 264, 271, 294, 297, 300, 321, 328, 341, 344, 348, 348, 359, 368, 381, 392, 402, 416, 437, 438, 457, 465, 470, 471, 475, 494, 513, 521, 521, 539, 547, 552, 552, 584, 589, 590, 616, 633, 645, 646, 649, 650, 652, 652, 656, 692, 694, 695, 695, 764, 765, 767, 769, 770, 786, 807, 812, 869, 871, 880, 882, 901, 940, 942, 945, 950, 954, 969, 970, 975, 983, 992]
[10, 33, 64, 73, 85, 89, 97, 103, 117, 138, 139, 141, 180, 197, 200, 210, 214, 222, 225, 259, 260, 261, 264, 275, 304, 307, 317, 321, 325, 345, 350, 351, 377, 394, 400, 407, 418, 419, 420, 458, 478, 504, 510, 519, 532, 534, 556, 564, 569, 569, 573, 603, 616, 622, 626, 641, 644, 647, 648, 649, 661, 666, 673, 682, 692, 708, 714, 747, 760, 760, 765, 768, 774, 794, 797, 812, 833, 833, 840, 844, 852, 858, 858, 859, 861, 876, 878, 879, 893, 909, 952, 960, 961, 978, 978, 978, 993]
[1, 1, 16, 18, 36, 37, 41, 45, 77, 106, 111, 142, 146, 153, 158, 186, 194, 198, 208, 211, 269, 270, 276, 280, 297, 301, 306, 320, 323, 329, 335, 338, 344, 348, 360, 410, 419, 446, 466, 466, 472, 476, 479, 491, 508, 515, 516, 531, 545, 552, 563, 565, 591, 606, 607, 623, 631, 641, 646, 652, 660, 670, 676, 678, 680, 686, 700, 723, 739, 751, 761, 763, 769, 769, 781, 783, 786, 796, 803, 815, 815, 826, 849, 860, 865, 866, 912, 920, 933, 963, 963, 972, 979, 981, 985, 989, 990, 998]
[12, 19, 52, 71, 73, 76, 78, 80, 96, 104, 106, 111, 131, 136, 161, 165, 182, 193, 198, 210, 211, 217, 232, 238, 241, 263, 267, 271, 285, 298, 299, 313, 345, 365, 377, 379, 390, 405, 413, 415, 425, 443, 462, 478, 480, 510, 514, 515, 518, 526, 527, 536, 554, 560, 568, 579, 580, 593, 597, 597, 601, 610, 643, 663, 668, 676, 697, 712, 719, 724, 728, 736, 745, 756, 759, 770, 771, 771, 780, 789, 801, 805, 811, 818, 823, 830, 833, 833, 837, 840, 854, 856, 916, 924, 939, 962, 974, 976, 999]
[7, 25, 32, 52, 55, 58, 72, 114, 144, 149, 157, 180, 184, 196, 200, 217, 217, 226, 230, 247, 255, 284, 311, 326, 330, 346, 347, 352, 354, 376, 385, 404, 413, 414, 415, 425, 426, 431, 435, 447, 451, 452, 458, 459, 473, 482, 492, 493, 499, 506, 526, 535, 538, 546, 553, 556, 573, 599, 603, 606, 609, 616, 635, 642, 657, 659, 660, 676, 680, 694, 714, 736, 746, 750, 774, 779, 791, 794, 840, 843, 843, 848, 856, 872, 874, 881, 891, 899, 902, 906, 911, 918, 927, 931, 936, 940, 940, 950, 966, 986]
