[]
[275]
[440, 901]
[137, 447, 970]
[114, 253, 396, 493]
[35, 311, 321, 573, 619]
[19, 49, 158, 488, 561, 780]
[49, 159, 231, 446, 544, 845, 861]
[112, 145, 358, 388, 425, 586, 678, 815]
[26, 106, 265, 281, 385, 571, 599, 602, 991]
[305, 339, 424, 460, 620, 645, 695, 732, 795, 951]
[61, 102, 186, 351, 493, 600, 850, 889, 918, 948, 963]
[115, 119, 168, 244, 266, 293, 350, 396, 616, 662, 690, 923]
[21, 44, 122, 123, 187, 328, 392, 669, 729, 780, 866, 878, 974]
[84, 96, 96, 136, 185, 199, 395, 451, 595, 723, 808, 909, 945, 976]
[75, 156, 347, 373, 586, 657, 693, 703, 720, 724, 786, 801, 844, 913, 923]
[180, 200, 250, 270, 357, 370, 571, 595, 722, 732, 755, 806, 821, 833, 848, 952]
[23, 36, 43, 98, 119, 152, 173, 318, 336, 369, 444, 515, 695, 756, 823, 952, 963]
[85, 99, 149, 205, 238, 355, 417, 576, 587, 593, 594, 767, 779, 840, 855, 908, 933, 971]
[46, 93, 106, 151, 250, 251, 270, 485, 491, 521, 544, 557, 596, 600, 698, 788, 880, 984, 999]
[9, 45, 105, 164, 177, 192, 249, 270, 406, 419, 420, 437, 556, 596, 687, 688, 733, 743, 806, 849]
[84, 107, 191, 224, 233, 236, 297, 342, 410, 434, 453, 503, 506, 718, 760, 839, 875, 967, 978, 988, 990]
[63, 114, 129, 139, 200, 212, 224, 332, 360, 393, 405, 427, 460, 483, 636, 665, 672, 687, 861, 889, 893, 914]
[20, 44, 54, 72, 145, 251, 252, 286, 310, 317, 333, 361, 440, 474, 506, 553, 589, 678, 697, 728, 908, 912, 939]
[5, 89, 92, 263, 325, 344, 377, 524, 530, 547, 558, 576, 595, 635, 663, 686, 775, 789, 805, 862, 906, 950, 957, 973]
[1, 4, 28, 41, 94, 119, 152, 200, 212, 216, 243, 308, 318, 333, 347, 352, 369, 537, 647, 729, 748, 765, 803, 902, 998]
[9, 35, 55, 69, 106, 187, 217, 221, 244, 310, 315, 354, 487, 543, 556, 609, 654, 657, 682, 696, 707, 709, 744, 906, 911, 911]
[81, 90, 112, 166, 255, 272, 351, 442, 457, 531, 538, 568, 625, 663, 724, 743, 746, 752, 789, 802, 834, 841, 849, 880, 883, 907, 919]
[13, 29, 79, 86, 130, 220, 225, 406, 456, 511, 572, 573, 592, 602, 677, 679, 695, 701, 769, 777, 793, 808, 849, 854, 855, 927, 948, 994]
[15, 37, 59, 73, 76, 88, 104, 125, 142, 145, 205, 236, 337, 360, 367, 424, 547, 567, 570, 584, 661, 753, 799, 806, 900, 910, 913, 967, 974]
[41, 165, 183, 252, 263, 264, 271, 290, 328, 384, 406, 420, 484, 533, 544, 617, 650, 660, 675, 713, 723, 784, 789, 847, 904, 933, 935, 980, 990, 995]
[40, 89, 102, 150, 199, 211, 252, 262, 304, 384, 398, 430, 445, 473, 475, 517, 582, 669, 755, 758, 765, 826, 840, 841, 861, 861, 881, 886, 910, 940, 966]
[15, 53, 69, 69, 74, 177, 185, 193, 206, 316, 317, 383, 396, 448, 477, 504, 571, 593, 619, 620, 624, 679, 723, 734, 768, 781, 812, 819, 821, 831, 936, 958]
[6, 20, 29, 87, 90, 93, 97, 160, 187, 201, 234, 240, 260, 295, 332, 341, 377, 384, 407, 447, 454, 536, 567, 581, 682, 697, 721, 768, 769, 813, 876, 903, 954]
[8, 46, 83, 101, 102, 111, 144, 162, 233, 240, 245, 268, 277, 334, 339, 384, 423, 460, 474, 509, 509, 515, 543, 678, 757, 771, 827, 838, 871, 879, 892, 934, 935, 970]
[12, 58, 98, 112, 126, 162, 213, 243, 245, 256, 279, 289, 359, 447, 474, 506, 530, 533, 554, 598, 652, 692, 702, 758, 787, 800, 817, 822, 825, 840, 889, 925, 932, 962, 987]
[11, 39, 70, 96, 99, 101, 124, 155, 201, 242, 271, 312, 312, 335, 383, 416, 571, 583, 593, 600, 607, 629, 640, 645, 694, 706, 762, 770, 787, 814, 839, 843, 869, 936, 973, 983]
[31, 52, 93, 94, 98, 151, 160, 177, 202, 217, 218, 240, 255, 274, 294, 324, 336, 336, 339, 414, 428, 435, 460, 503, 577, 600, 656, 670, 704, 739, 791, 806, 869, 891, 898, 966, 982]
[57, 62, 110, 110, 140, 166, 205, 238, 240, 264, 314, 356, 375, 406, 414, 459, 461, 493, 499, 519, 560, 580, 611, 617, 617, 621, 650, 653, 664, 666, 711, 715, 834, 844, 913, 925, 989, 989]
[2, 37, 41, 114, 117, 140, 145, 150, 162, 177, 186, 202, 233, 267, 273, 341, 391, 401, 405, 407, 422, 427, 478, 530, 532, 539, 575, 594, 639, 647, 666, 670, 731, 874, 892, 904, 917, 959, 981]
[21, 26, 42, 60, 88, 113, 114, 127, 181, 213, 222, 266, 270, 304, 331, 372, 396, 399, 458, 492, 511, 548, 573, 573, 596, 614, 615, 640, 649, 656, 665, 666, 687, 737, 744, 758, 787, 875, 952, 992]
[3, 31, 35, 36, 46, 84, 162, 170, 172, 223, 233, 282, 302, 306, 342, 356, 412, 433, 481, 489, 513, 566, 611, 630, 635, 646, 661, 662, 688, 691, 700, 715, 750, 765, 768, 789, 832, 889, 953, 965, 984]
[5, 31, 46, 51, 54, 56, 105, 108, 155, 173, 223, 266, 277, 295, 309, 316, 318, 322, 324, 327, 329, 329, 332, 388, 392, 444, 630, 633, 648, 664, 674, 674, 711, 735, 754, 775, 808, 822, 823, 835, 897, 948]
[27, 95, 96, 96, 123, 147, 153, 162, 172, 195, 197, 225, 243, 321, 341, 363, 380, 479, 486, 498, 517, 519, 520, 578, 667, 680, 680, 705, 782, 819, 832, 836, 853, 873, 879, 889, 889, 934, 955, 959, 960, 974, 987]
[14, 26, 39, 40, 47, 50, 71, 126, 176, 186, 212, 218, 260, 283, 326, 357, 361, 380, 385, 428, 451, 491, 506, 519, 524, 525, 541, 562, 588, 602, 662, 671, 689, 736, 784, 789, 805, 812, 813, 907, 956, 968, 970, 975]
[20, 27, 37, 63, 76, 91, 107, 120, 195, 255, 294, 298, 304, 309, 325, 335, 338, 400, 408, 544, 565, 569, 575, 589, 598, 598, 648, 662, 740, 768, 780, 781, 801, 807, 813, 819, 830, 860, 881, 900, 905, 918, 918, 980, 995]
[8, 33, 103, 123, 155, 186, 214, 227, 240, 281, 289, 350, 366, 376, 383, 397, 415, 425, 426, 443, 443, 452, 484, 511, 524, 556, 574, 601, 605, 639, 706, 733, 738, 764, 816, 821, 868, 892, 901, 908, 909, 937, 943, 964, 967, 998]
[65, 66, 103, 122, 165, 181, 201, 219, 252, 265, 268, 311, 311, 357, 383, 432, 453, 473, 501, 513, 555, 558, 568, 600, 616, 618, 639, 646, 648, 664, 667, 676, 688, 692, 697, 698, 762, 766, 780, 820, 821, 823, 880, 928, 935, 983, 991]
[26, 27, 52, 53, 101, 103, 117, 130, 149, 157, 158, 194, 194, 208, 217, 267, 275, 293, 326, 328, 376, 378, 379, 402, 465, 482, 512, 514, 539, 565, 585, 587, 622, 631, 650, 659, 671, 707, 714, 721, 723, 753, 821, 831, 833, 855, 894, 898]
[14, 15, 20, 30, 43, 72, 89, 100, 132, 162, 169, 171, 272, 273, 298, 313, 325, 363, 399, 423, 478, 480, 505, 517, 540, 545, 561, 566, 588, 691, 706, 711, 720, 734, 757, 774, 820, 821, 831, 838, 859, 861, 882, 896, 908, 953, 968, 971, 991]
[0, 4, 7, 24, 72, 95, 96, 150, 169, 170, 175, 199, 210, 231, 235, 235, 238, 239, 254, 254, 263, 296, 297, 356, 358, 360, 375, 435, 459, 478, 483, 497, 517, 522, 534, 574, 590, 650, 652, 672, 680, 697, 704, 723, 752, 769, 824, 891, 948, 981]
[20, 20, 33, 42, 51, 57, 70, 74, 84, 99, 117, 205, 231, 248, 253, 256, 277, 277, 307, 338, 339, 340, 353, 363, 374, 381, 401, 413, 418, 443, 447, 494, 496, 509, 600, 612, 641, 652, 680, 687, 698, 733, 775, 843, 859, 899, 905, 950, 960, 967, 994]
[7, 8, 29, 34, 63, 93, 102, 121, 123, 162, 165, 188, 196, 210, 219, 228, 243, 301, 301, 315, 319, 366, 366, 367, 375, 401, 422, 446, 469, 487, 490, 502, 538, 615, 670, 747, 748, 762, 795, 858, 859, 871, 897, 901, 912, 915, 924, 929, 930, 953, 963, 978]
[40, 46, 62, 80, 119, 136, 171, 176, 235, 264, 298, 313, 315, 330, 351, 399, 403, 404, 436, 439, 442, 456, 466, 533, 572, 603, 623, 635, 656, 682, 697, 711, 712, 718, 745, 747, 767, 774, 817, 821, 822, 848, 853, 854, 877, 879, 886, 888, 894, 901, 906, 919, 931]
[46, 54, 72, 80, 80, 84, 99, 133, 142, 170, 178, 230, 241, 247, 248, 271, 300, 303, 355, 381, 405, 410, 415, 424, 443, 445, 476, 483, 499, 504, 533, 555, 560, 569, 574, 593, 637, 647, 651, 735, 783, 801, 810, 817, 829, 833, 888, 890, 898, 953, 960, 976, 979, 984]
[76, 116, 119, 128, 137, 145, 214, 214, 217, 230, 248, 266, 287, 316, 335, 345, 345, 364, 377, 451, 451, 457, 460, 465, 480, 501, 526, 528, 550, 551, 562, 569, 574, 623, 623, 638, 655, 655, 656, 657, 684, 697, 711, 777, 777, 780, 799, 805, 807, 828, 829, 865, 887, 890, 956]
[6, 47, 55, 74, 77, 91, 134, 138, 165, 175, 201, 219, 223, 235, 252, 256, 258, 262, 265, 300, 313, 322, 359, 403, 435, 486, 519, 524, 560, 561, 563, 591, 600, 601, 602, 619, 628, 630, 631, 652, 667, 675, 704, 712, 736, 766, 793, 813, 825, 865, 873, 879, 884, 905, 922, 950]
[36, 60, 64, 70, 107, 121, 154, 154, 188, 189, 219, 236, 260, 269, 294, 298, 300, 316, 319, 322, 358, 376, 384, 385, 398, 423, 439, 460, 465, 470, 501, 517, 541, 577, 618, 627, 629, 636, 694, 723, 757, 762, 764, 778, 807, 813, 814, 819, 846, 849, 855, 859, 873, 888, 893, 899, 982]
[7, 10, 10, 16, 26, 42, 68, 76, 77, 108, 118, 119, 126, 127, 127, 163, 188, 197, 202, 239, 240, 282, 327, 334, 346, 352, 364, 389, 432, 468, 475, 488, 516, 522, 547, 558, 559, 618, 636, 691, 709, 725, 747, 764, 768, 780, 788, 796, 798, 804, 830, 866, 874, 875, 881, 891, 941, 974]
[21, 37, 86, 102, 131, 132, 147, 152, 196, 209, 214, 226, 245, 247, 260, 284, 286, 333, 352, 354, 386, 396, 404, 412, 428, 447, 454, 503, 530, 532, 540, 549, 601, 605, 609, 649, 674, 681, 697, 746, 756, 792, 819, 847, 848, 856, 900, 902, 924, 924, 926, 930, 931, 935, 937, 944, 956, 963, 971]
[8, 28, 64, 73, 86, 127, 146, 164, 178, 185, 193, 231, 249, 277, 287, 297, 304, 310, 338, 350, 356, 397, 414, 420, 425, 433, 447, 467, 472, 483, 491, 492, 515, 531, 607, 622, 660, 686, 692, 694, 694, 696, 710, 742, 761, 764, 777, 786, 787, 796, 797, 805, 823, 832, 835, 837, 887, 921, 945, 994]
[34, 42, 46, 62, 65, 74, 91, 101, 128, 136, 164, 187, 200, 242, 255, 271, 311, 324, 347, 354, 374, 374, 384, 403, 419, 450, 452, 491, 532, 563, 564, 571, 576, 598, 603, 612, 641, 671, 675, 685, 761, 768, 771, 793, 801, 826, 827, 830, 834, 842, 852, 858, 886, 902, 906, 932, 941, 956, 963, 986, 990]
[13, 28, 70, 76, 139, 143, 150, 154, 182, 197, 227, 228, 228, 242, 277, 281, 299, 300, 305, 312, 316, 335, 336, 341, 357, 436, 442, 468, 470, 483, 487, 503, 505, 506, 515, 528, 550, 599, 600, 617, 620, 654, 684, 700, 706, 712, 719, 721, 729, 732, 775, 786, 800, 814, 828, 869, 915, 935, 936, 941, 943, 971]
[6, 9, 54, 77, 142, 148, 153, 194, 199, 222, 230, 250, 258, 280, 291, 325, 333, 345, 354, 389, 391, 430, 449, 459, 466, 476, 478, 498, 504, 509, 510, 530, 537, 561, 614, 614, 620, 622, 638, 640, 653, 694, 703, 704, 709, 758, 771, 776, 782, 789, 820, 836, 838, 845, 848, 883, 909, 918, 968, 968, 981, 989, 994]
[13, 23, 41, 50, 53, 63, 88, 88, 93, 96, 97, 106, 112, 129, 131, 142, 161, 162, 182, 187, 201, 202, 216, 221, 229, 233, 239, 250, 288, 311, 338, 346, 359, 419, 422, 482, 482, 485, 506, 507, 509, 521, 559, 606, 657, 669, 693, 707, 718, 739, 750, 784, 788, 817, 824, 860, 873, 930, 933, 944, 948, 952, 979, 998]
[41, 45, 67, 68, 117, 133, 145, 147, 151, 190, 194, 208, 212, 217, 278, 279, 302, 330, 335, 368, 377, 379, 392, 393, 411, 411, 414, 416, 419, 419, 430, 500, 565, 571, 586, 597, 610, 623, 626, 641, 643, 644, 647, 679, 694, 695, 704, 711, 747, 796, 807, 807, 809, 819, 838, 844, 860, 864, 866, 908, 912, 919, 951, 975, 984]
[4, 4, 18, 23, 28, 34, 46, 46, 50, 54, 73, 84, 85, 87, 134, 146, 155, 157, 168, 179, 185, 201, 220, 251, 263, 268, 305, 312, 337, 354, 356, 386, 410, 453, 454, 454, 465, 471, 618, 632, 661, 670, 692, 716, 769, 771, 774, 779, 801, 804, 807, 810, 815, 820, 835, 852, 854, 865, 907, 950, 963, 968, 981, 986, 994, 998]
[13, 35, 52, 62, 67, 76, 107, 111, 122, 125, 128, 143, 146, 165, 188, 217, 230, 236, 250, 264, 268, 269, 271, 299, 299, 300, 303, 359, 370, 378, 394, 410, 421, 445, 452, 469, 533, 536, 539, 543, 568, 574, 589, 589, 658, 698, 720, 735, 746, 774, 802, 814, 822, 823, 841, 847, 854, 882, 913, 919, 925, 938, 951, 965, 974, 990, 994]
[12, 22, 27, 45, 61, 62, 87, 97, 108, 114, 144, 146, 160, 175, 192, 210, 234, 250, 274, 296, 297, 319, 327, 336, 373, 396, 406, 418, 419, 422, 423, 429, 434, 436, 455, 456, 459, 479, 482, 519, 526, 563, 592, 608, 609, 611, 633, 640, 668, 672, 687, 693, 709, 711, 724, 731, 740, 779, 810, 821, 827, 837, 860, 904, 908, 953, 959, 967]
[0, 3, 3, 9, 14, 47, 52, 67, 68, 74, 81, 102, 124, 136, 142, 164, 166, 175, 192, 260, 278, 301, 303, 310, 312, 335, 358, 371, 397, 419, 438, 480, 497, 511, 533, 567, 580, 589, 613, 613, 615, 622, 627, 634, 670, 701, 723, 733, 742, 756, 768, 816, 821, 824, 842, 856, 861, 863, 871, 875, 877, 880, 881, 882, 913, 916, 935, 957, 979]
[7, 26, 28, 71, 84, 112, 128, 136, 148, 214, 219, 221, 234, 240, 296, 296, 297, 300, 303, 313, 315, 316, 316, 334, 340, 384, 411, 415, 425, 463, 468, 473, 487, 491, 499, 507, 520, 523, 534, 542, 544, 552, 554, 557, 562, 574, 592, 594, 599, 616, 642, 668, 671, 682, 727, 728, 737, 785, 815, 816, 824, 835, 839, 867, 876, 924, 962, 965, 991, 998]
[74, 76, 84, 97, 102, 103, 124, 134, 168, 173, 173, 175, 213, 218, 254, 264, 277, 335, 336, 343, 348, 356, 376, 383, 390, 393, 412, 447, 467, 468, 469, 471, 484, 499, 503, 509, 514, 535, 537, 544, 562, 573, 607, 618, 638, 638, 646, 665, 684, 685, 721, 729, 731, 742, 746, 758, 763, 767, 784, 803, 835, 858, 883, 893, 906, 912, 918, 919, 927, 974, 989]
[0, 16, 26, 48, 57, 68, 76, 95, 98, 114, 126, 139, 159, 173, 193, 195, 200, 228, 243, 258, 274, 278, 278, 311, 316, 320, 335, 382, 415, 421, 467, 477, 485, 487, 500, 509, 513, 516, 526, 546, 553, 586, 598, 599, 610, 637, 639, 641, 686, 700, 706, 709, 729, 741, 742, 744, 751, 789, 797, 826, 857, 888, 889, 890, 900, 900, 916, 921, 941, 962, 976, 976]
[23, 24, 25, 30, 30, 34, 38, 38, 64, 76, 95, 132, 164, 164, 177, 182, 189, 235, 237, 254, 258, 280, 283, 310, 316, 317, 329, 343, 363, 380, 405, 435, 444, 452, 460, 469, 470, 496, 512, 551, 553, 574, 578, 582, 610, 617, 618, 620, 620, 662, 672, 673, 686, 696, 715, 785, 785, 800, 807, 833, 836, 859, 868, 885, 889, 889, 897, 898, 903, 917, 962, 997, 998]
[9, 29, 41, 41, 47, 82, 84, 126, 136, 138, 142, 144, 156, 177, 184, 215, 246, 251, 271, 306, 315, 320, 325, 343, 347, 361, 373, 383, 383, 422, 427, 442, 447, 461, 472, 474, 481, 501, 511, 525, 533, 536, 550, 580, 584, 586, 593, 594, 599, 627, 642, 658, 666, 670, 674, 717, 735, 739, 762, 768, 777, 801, 810, 830, 841, 855, 877, 923, 951, 952, 960, 993, 993, 994]
[1, 14, 39, 79, 92, 106, 121, 156, 172, 189, 214, 215, 217, 217, 232, 242, 261, 271, 283, 318, 327, 374, 384, 388, 424, 458, 477, 485, 486, 507, 509, 526, 533, 549, 554, 590, 590, 592, 617, 625, 630, 635, 636, 645, 645, 674, 678, 690, 692, 709, 710, 717, 745, 756, 763, 778, 819, 822, 824, 834, 834, 841, 845, 851, 866, 872, 915, 932, 943, 945, 972, 975, 985, 988, 992]
[2, 39, 42, 45, 55, 69, 83, 130, 131, 173, 197, 216, 232, 245, 259, 279, 287, 313, 336, 337, 349, 372, 380, 420, 422, 428, 439, 442, 448, 451, 453, 479, 493, 514, 528, 533, 549, 559, 594, 598, 599, 605, 629, 631, 645, 650, 660, 662, 670, 691, 699, 705, 712, 715, 731, 737, 739, 749, 750, 754, 786, 822, 844, 862, 869, 879, 885, 887, 893, 917, 919, 925, 947, 955, 955, 980]
[20, 37, 40, 42, 50, 61, 76, 79, 82, 117, 118, 139, 169, 171, 175, 176, 210, 221, 222, 249, 285, 302, 322, 324, 330, 330, 346, 346, 351, 353, 382, 416, 433, 433, 436, 439, 455, 464, 471, 488, 512, 513, 520, 525, 530, 532, 534, 543, 544, 546, 592, 597, 612, 631, 641, 648, 657, 658, 707, 759, 771, 798, 828, 833, 847, 855, 889, 890, 890, 890, 891, 897, 907, 922, 925, 934, 985]
[2, 17, 18, 27, 30, 33, 52, 58, 62, 71, 91, 91, 93, 96, 97, 99, 110, 113, 136, 140, 182, 198, 212, 225, 254, 271, 295, 306, 337, 367, 412, 419, 423, 434, 440, 445, 505, 522, 547, 558, 560, 566, 576, 656, 663, 679, 693, 717, 721, 728, 747, 748, 752, 756, 761, 790, 804, 809, 809, 811, 844, 847, 854, 857, 863, 882, 884, 885, 885, 892, 902, 917, 924, 940, 947, 967, 981, 983]
[12, 18, 37, 49, 54, 54, 68, 80, 86, 86, 90, 100, 105, 115, 118, 169, 170, 179, 180, 195, 205, 206, 210, 245, 257, 257, 270, 271, 291, 320, 331, 346, 351, 359, 397, 409, 418, 434, 436, 445, 449, 456, 466, 481, 491, 497, 521, 524, 531, 536, 543, 545, 550, 573, 582, 592, 639, 666, 687, 700, 704, 723, 736, 796, 810, 849, 858, 888, 888, 900, 906, 934, 937, 973, 979, 981, 990, 993, 998]
[1, 5, 22, 32, 32, 38, 62, 66, 84, 95, 97, 101, 145, 164, 182, 183, 207, 239, 239, 267, 281, 285, 302, 303, 348, 364, 371, 376, 382, 389, 408, 428, 439, 452, 462, 469, 471, 484, 487, 514, 524, 530, 568, 586, 587, 593, 604, 624, 628, 634, 639, 656, 660, 681, 683, 684, 726, 744, 757, 796, 842, 846, 874, 874, 881, 886, 892, 894, 901, 908, 914, 918, 920, 921, 937, 937, 937, 949, 983, 987]
[4, 19, 27, 43, 70, 87, 134, 137, 139, 156, 191, 198, 239, 244, 255, 255, 257, 278, 308, 319, 323, 325, 340, 349, 353, 354, 392, 401, 406, 422, 455, 500, 505, 510, 524, 530, 533, 533, 553, 559, 564, 567, 581, 593, 609, 618, 647, 667, 667, 686, 724, 738, 741, 751, 761, 762, 762, 766, 769, 774, 783, 788, 792, 807, 829, 832, 849, 871, 876, 878, 898, 900, 904, 910, 913, 914, 915, 926, 955, 963, 963]
[0, 8, 13, 20, 37, 41, 49, 65, 93, 108, 122, 131, 183, 187, 188, 189, 198, 224, 249, 250, 253, 287, 289, 295, 320, 332, 339, 342, 348, 373, 402, 408, 415, 426, 435, 447, 473, 478, 489, 499, 515, 521, 524, 548, 549, 553, 569, 602, 608, 660, 667, 693, 699, 702, 710, 716, 740, 741, 761, 767, 779, 779, 788, 789, 806, 816, 817, 868, 885, 888, 888, 892, 897, 897, 916, 923, 933, 934, 951, 954, 967, 997]
[5, 24, 42, 76, 87, 97, 98, 102, 145, 152, 164, 183, 213, 239, 240, 240, 243, 257, 286, 295, 317, 333, 337, 342, 372, 399, 405, 440, 450, 451, 463, 465, 471, 483, 485, 490, 495, 503, 505, 509, 525, 528, 529, 560, 571, 579, 580, 588, 605, 611, 613, 617, 628, 681, 711, 712, 718, 724, 748, 748, 754, 765, 786, 790, 792, 813, 815, 845, 852, 853, 857, 886, 890, 890, 915, 931, 935, 936, 937, 967, 969, 970, 989]
[3, 20, 53, 56, 83, 85, 117, 123, 170, 179, 180, 185, 185, 233, 243, 249, 252, 267, 277, 285, 289, 294, 307, 330, 331, 332, 333, 334, 334, 339, 344, 404, 413, 443, 447, 450, 457, 457, 463, 471, 504, 519, 523, 545, 557, 566, 577, 581, 601, 605, 642, 654, 657, 661, 681, 688, 689, 706, 711, 722, 730, 733, 735, 739, 743, 752, 764, 766, 789, 796, 796, 799, 808, 809, 851, 861, 864, 889, 915, 940, 945, 962, 983, 996]
[12, 26, 30, 44, 46, 67, 69, 78, 81, 103, 117, 123, 138, 150, 181, 198, 203, 208, 214, 230, 235, 241, 241, 242, 274, 297, 312, 351, 358, 377, 379, 382, 400, 417, 419, 420, 422, 431, 447, 452, 469, 526, 528, 533, 565, 572, 577, 582, 591, 598, 605, 610, 616, 622, 624, 626, 650, 674, 702, 713, 751, 781, 792, 801, 808, 817, 819, 823, 824, 827, 837, 841, 850, 863, 884, 895, 910, 926, 928, 933, 940, 948, 973, 980, 982]
[7, 17, 20, 46, 47, 57, 102, 132, 141, 164, 184, 202, 208, 226, 230, 251, 255, 258, 291, 308, 322, 330, 354, 364, 368, 374, 386, 402, 426, 429, 442, 446, 457, 463, 465, 477, 479, 488, 504, 513, 517, 518, 525, 535, 540, 556, 579, 580, 610, 613, 614, 627, 638, 668, 677, 682, 685, 711, 729, 731, 737, 740, 764, 769, 771, 773, 778, 781, 781, 785, 805, 820, 828, 851, 851, 852, 872, 891, 911, 913, 932, 934, 942, 950, 979, 982]
[5, 9, 23, 40, 40, 56, 62, 63, 67, 68, 132, 136, 148, 149, 152, 186, 187, 198, 216, 236, 240, 246, 258, 263, 275, 283, 297, 307, 335, 347, 357, 358, 374, 376, 376, 409, 447, 448, 459, 497, 509, 520, 520, 549, 553, 556, 569, 576, 579, 587, 598, 610, 635, 665, 725, 741, 765, 769, 784, 806, 810, 821, 836, 855, 857, 858, 860, 865, 878, 908, 911, 911, 914, 918, 919, 926, 927, 934, 936, 940, 945, 946, 947, 950, 952, 971, 977]
[4, 6, 6, 48, 60, 80, 93, 102, 120, 123, 126, 132, 136, 137, 148, 153, 176, 178, 181, 203, 224, 239, 243, 250, 254, 273, 276, 278, 334, 345, 358, 373, 375, 378, 390, 403, 405, 411, 414, 416, 456, 459, 462, 490, 495, 503, 504, 509, 510, 522, 558, 588, 592, 596, 622, 638, 639, 681, 710, 724, 735, 743, 768, 772, 780, 783, 789, 795, 801, 802, 803, 817, 858, 860, 869, 873, 878, 886, 906, 924, 928, 939, 944, 954, 968, 991, 993, 997]
[10, 13, 25, 39, 42, 55, 71, 72, 101, 109, 147, 166, 173, 178, 189, 196, 200, 208, 213, 215, 228, 251, 265, 268, 272, 288, 307, 320, 332, 346, 346, 375, 391, 401, 405, 420, 445, 462, 466, 482, 501, 512, 517, 526, 539, 542, 549, 550, 553, 559, 564, 592, 613, 619, 634, 653, 674, 685, 690, 700, 710, 723, 729, 729, 755, 781, 788, 792, 796, 810, 816, 826, 837, 838, 843, 847, 853, 898, 900, 912, 921, 922, 926, 938, 952, 957, 968, 993, 997]
[8, 18, 32, 56, 94, 98, 107, 109, 153, 154, 156, 207, 226, 231, 238, 247, 254, 255, 271, 274, 277, 288, 289, 290, 292, 306, 310, 335, 335, 353, 385, 414, 430, 431, 435, 436, 438, 442, 446, 457, 459, 461, 469, 470, 481, 493, 495, 500, 517, 531, 536, 572, 572, 590, 596, 611, 617, 624, 650, 655, 665, 671, 672, 677, 690, 701, 712, 720, 722, 724, 724, 734, 736, 746, 779, 783, 796, 804, 813, 835, 847, 850, 889, 931, 936, 952, 978, 991, 997, 998]
[6, 9, 29, 34, 36, 36, 65, 96, 103, 128, 129, 142, 146, 164, 186, 200, 206, 211, 252, 252, 298, 307, 308, 313, 324, 335, 341, 358, 367, 385, 398, 411, 413, 420, 436, 439, 447, 448, 464, 470, 485, 509, 513, 534, 541, 542, 548, 568, 585, 595, 606, 627, 648, 650, 651, 675, 681, 704, 711, 715, 719, 735, 748, 749, 753, 774, 792, 803, 818, 820, 836, 844, 845, 846, 849, 864, 876, 881, 883, 885, 899, 901, 908, 926, 930, 940, 944, 962, 965, 974, 996]
[12, 19, 28, 30, 42, 51, 69, 74, 93, 96, 106, 132, 138, 144, 145, 145, 154, 185, 222, 224, 228, 237, 237, 245, 263, 275, 281, 284, 287, 298, 301, 304, 308, 311, 318, 319, 326, 345, 348, 351, 374, 382, 388, 388, 397, 400, 423, 485, 523, 526, 539, 546, 565, 569, 573, 588, 620, 624, 624, 656, 662, 663, 670, 678, 683, 689, 709, 716, 722, 729, 750, 760, 769, 799, 804, 822, 823, 825, 837, 843, 848, 867, 873, 874, 887, 920, 925, 950, 954, 955, 958, 975]
[3, 4, 34, 70, 90, 110, 127, 140, 148, 149, 194, 197, 201, 219, 220, 222, 226, 245, 246, 246, 253, 253, 254, 256, 262, 266, 279, 291, 295, 309, 325, 328, 330, 340, 390, 394, 395, 395, 404, 416, 419, 420, 442, 445, 461, 461, 469, 472, 498, 515, 516, 520, 526, 574, 574, 589, 594, 595, 618, 627, 637, 638, 639, 692, 713, 720, 726, 737, 751, 756, 762, 768, 777, 779, 783, 788, 790, 798, 810, 815, 833, 855, 856, 857, 875, 894, 939, 944, 949, 966, 973, 992, 999]
[17, 29, 37, 44, 50, 50, 54, 56, 73, 102, 115, 119, 151, 158, 159, 170, 173, 180, 189, 202, 206, 210, 218, 219, 228, 238, 238, 244, 249, 276, 308, 313, 315, 319, 321, 329, 353, 355, 359, 367, 401, 402, 418, 419, 433, 444, 460, 477, 516, 525, 547, 552, 572, 595, 600, 613, 630, 641, 645, 657, 697, 712, 722, 723, 724, 727, 730, 745, 752, 761, 771, 796, 797, 803, 818, 823, 825, 835, 839, 846, 856, 870, 871, 878, 880, 891, 896, 898, 915, 924, 926, 927, 953, 977]
[1, 11, 26, 33, 41, 56, 73, 97, 104, 110, 123, 145, 149, 151, 161, 164, 194, 199, 221, 234, 238, 288, 291, 301, 304, 308, 313, 319, 326, 334, 361, 362, 365, 367, 378, 379, 396, 400, 409, 414, 419, 426, 427, 445, 458, 481, 486, 493, 512, 544, 552, 561, 571, 574, 587, 588, 609, 614, 617, 620, 622, 627, 629, 663, 666, 675, 689, 704, 705, 716, 716, 722, 737, 751, 777, 781, 802, 810, 815, 835, 843, 861, 862, 872, 878, 881, 890, 907, 911, 938, 950, 959, 964, 989, 995]
[1, 4, 16, 59, 61, 65, 90, 97, 98, 111, 121, 149, 150, 154, 156, 162, 163, 164, 176, 198, 202, 203, 206, 233, 240, 250, 253, 259, 303, 309, 317, 321, 336, 348, 359, 366, 374, 399, 402, 402, 405, 431, 438, 439, 441, 478, 485, 499, 506, 508, 524, 535, 540, 550, 569, 594, 599, 604, 611, 616, 618, 619, 622, 622, 629, 647, 658, 659, 674, 677, 684, 684, 700, 708, 741, 744, 757, 768, 780, 824, 825, 829, 847, 850, 868, 876, 903, 908, 913, 914, 941, 964, 974, 987, 995, 999]
[31, 54, 88, 89, 90, 90, 98, 108, 110, 111, 112, 137, 150, 151, 163, 198, 200, 205, 211, 240, 252, 254, 264, 275, 287, 299, 317, 319, 333, 336, 337, 345, 354, 361, 361, 382, 385, 386, 387, 400, 419, 420, 424, 425, 426, 444, 451, 452, 459, 460, 471, 498, 514, 516, 523, 557, 577, 578, 582, 590, 612, 625, 626, 626, 631, 635, 639, 643, 649, 674, 694, 708, 714, 716, 755, 762, 767, 773, 789, 794, 796, 804, 806, 811, 816, 862, 893, 896, 903, 935, 939, 942, 959, 961, 967, 968, 988]
[7, 33, 53, 56, 94, 95, 102, 108, 123, 131, 134, 157, 165, 188, 234, 237, 264, 268, 272, 284, 288, 290, 298, 300, 302, 303, 305, 309, 313, 329, 332, 336, 340, 368, 394, 418, 421, 425, 433, 439, 443, 449, 457, 497, 504, 506, 508, 520, 558, 577, 578, 585, 586, 607, 610, 619, 626, 656, 687, 715, 734, 734, 751, 755, 767, 787, 796, 801, 817, 822, 829, 833, 843, 847, 849, 858, 859, 866, 869, 874, 875, 889, 890, 893, 893, 911, 915, 921, 935, 964, 965, 968, 970, 977, 983, 984, 990, 999]
[5, 6, 6, 29, 56, 63, 65, 88, 99, 101, 111, 117, 119, 120, 132, 135, 139, 144, 149, 149, 149, 149, 149, 153, 173, 175, 201, 204, 219, 221, 224, 230, 248, 251, 266, 279, 284, 288, 306, 314, 316, 319, 324, 327, 341, 355, 361, 369, 385, 386, 386, 392, 419, 419, 459, 460, 463, 465, 467, 469, 473, 475, 477, 480, 488, 490, 499, 551, 575, 616, 619, 624, 628, 636, 684, 717, 736, 749, 755, 794, 808, 818, 833, 835, 839, 850, 853, 882, 885, 886, 907, 937, 942, 948, 949, 966, 969, 970, 971]
[39, 61, 62, 70, 82, 109, 110, 115, 115, 117, 123, 124, 126, 131, 138, 139, 150, 156, 165, 189, 192, 208, 208, 212, 230, 262, 271, 285, 313, 318, 335, 339, 342, 366, 368, 375, 378, 379, 402, 409, 410, 414, 416, 418, 418, 420, 421, 437, 446, 476, 488, 503, 506, 526, 529, 531, 560, 570, 581, 598, 602, 611, 621, 631, 650, 655, 661, 670, 674, 674, 706, 707, 709, 726, 733, 752, 777, 796, 810, 827, 847, 858, 895, 907, 913, 914, 918, 921, 925, 926, 934, 944, 951, 967, 968, 970, 977, 978, 991, 993]
