List 0: 
List 1: 75 
List 2: 34 47 
List 3: 5 35 67 
List 4: 9 13 80 92 
List 5: 23 25 30 59 78 
List 6: 13 25 39 43 75 75 
List 7: 8 17 17 36 49 62 63 
List 8: 10 31 36 51 65 66 77 98 
List 9: 9 35 46 48 52 65 69 69 74 
List 10: 14 15 17 51 51 55 64 74 75 77 
List 11: 23 25 26 35 47 60 71 76 88 90 90 
List 12: 0 5 20 31 42 45 51 52 58 66 92 96 
List 13: 5 5 8 9 21 26 38 47 49 50 56 64 73 
List 14: 12 18 27 31 32 42 50 54 55 56 71 72 79 84 
List 15: 1 12 26 34 37 51 53 59 73 74 76 81 82 87 90 
List 16: 3 13 26 27 34 35 37 49 52 54 54 61 66 81 86 87 
List 17: 11 19 28 35 40 40 41 41 45 57 76 84 84 84 87 88 88 
List 18: 3 9 11 26 26 27 33 41 48 53 62 73 75 75 84 93 94 100 
List 19: 0 1 4 6 9 9 14 15 22 22 25 35 50 52 55 72 82 93 94 
List 20: 13 20 32 35 36 37 44 45 55 58 64 70 71 71 71 77 79 79 83 92 
List 21: 6 8 9 25 30 30 31 33 40 40 40 44 47 49 51 58 60 63 68 77 95 
List 22: 0 5 7 15 24 32 42 45 51 57 59 61 64 65 71 73 78 81 84 84 88 99 
List 23: 1 2 5 7 15 19 20 32 36 43 54 54 56 61 63 67 69 80 81 87 89 94 98 
List 24: 1 2 3 14 25 28 37 41 44 45 45 60 63 68 72 81 82 83 83 88 91 95 96 98 
List 25: 10 15 17 18 22 28 33 35 37 38 38 41 43 43 44 47 48 50 51 57 61 71 77 85 92 
List 26: 0 0 1 5 5 6 6 7 9 15 17 24 28 33 40 44 44 56 57 61 73 77 85 92 94 95 
List 27: 4 17 22 23 26 32 33 34 35 35 41 44 47 49 49 57 63 63 66 67 72 73 79 91 95 96 98 
List 28: 2 4 18 21 27 32 39 39 40 45 47 50 65 68 71 72 74 78 78 79 81 86 89 93 94 95 97 98 
List 29: 8 8 10 16 19 23 26 29 32 34 48 49 50 52 56 59 60 63 64 70 70 72 82 90 94 96 96 100 100 
List 30: 2 6 11 11 16 16 17 18 30 32 33 36 37 39 42 42 44 62 62 67 69 70 71 72 74 77 88 92 93 96 
List 31: 1 6 8 10 23 25 27 28 28 29 30 31 34 39 45 47 47 58 61 62 66 84 85 88 89 90 91 93 93 94 100 
List 32: 0 0 3 10 11 13 27 27 28 31 31 32 37 37 37 40 45 49 54 56 62 62 68 72 76 80 81 83 86 92 97 99 
List 33: 0 0 6 7 9 10 11 23 25 26 44 45 51 53 54 56 59 63 64 66 69 73 79 79 81 82 85 91 96 96 96 97 98 
List 34: 1 4 12 12 13 15 20 21 22 24 30 30 32 34 40 43 44 44 46 51 53 55 55 55 61 66 76 77 89 92 94 98 99 99 
List 35: 1 4 7 7 9 12 13 18 24 31 31 41 42 43 53 58 58 62 63 64 65 75 75 82 83 83 84 85 86 89 96 97 99 99 100 
List 36: 4 6 13 13 14 15 17 20 21 25 25 28 29 30 38 40 40 44 45 45 48 50 50 56 57 57 62 64 65 78 79 80 81 89 97 100 
List 37: 1 3 6 11 11 11 13 16 18 19 19 21 21 22 27 29 30 36 46 50 51 53 54 54 57 61 61 67 68 76 78 82 85 89 94 97 98 
List 38: 1 3 8 9 10 12 13 17 23 24 26 28 40 42 46 46 49 52 53 54 55 60 61 63 65 67 67 69 74 74 74 74 81 83 85 86 90 98 
List 39: 1 1 3 9 11 12 12 13 24 24 30 30 35 36 44 45 45 51 54 55 58 60 63 64 65 70 71 73 73 74 79 85 89 91 91 94 96 99 99 
List 40: 3 3 4 7 8 13 16 17 20 20 29 30 31 31 32 33 39 42 43 44 47 49 51 57 60 64 65 67 68 69 72 73 82 85 87 90 90 91 96 96 
List 41: 0 1 2 6 7 10 11 16 18 19 22 25 28 29 30 31 31 32 32 33 38 39 39 59 61 61 61 64 65 75 76 77 78 78 79 84 84 86 87 89 91 
List 42: 4 4 4 5 8 10 12 14 14 17 18 19 21 21 21 25 25 27 28 39 40 44 54 55 56 56 58 67 68 72 73 76 78 80 83 84 90 95 96 99 100 100 
List 43: 5 5 9 9 10 14 16 24 26 28 32 34 38 38 38 42 43 44 46 50 53 55 55 57 58 59 59 60 68 71 75 76 78 79 84 86 87 89 90 90 94 97 100 
List 44: 0 1 2 5 6 7 10 13 14 17 21 27 34 38 40 45 48 48 49 50 54 55 57 58 65 65 67 68 70 70 71 72 72 73 76 77 79 90 92 93 93 98 98 98 
List 45: 0 4 8 9 9 9 17 19 25 26 29 33 41 42 43 43 45 46 46 46 47 49 50 52 53 53 59 60 61 61 62 70 73 74 78 79 80 81 81 86 90 91 91 91 92 
List 46: 2 7 9 12 24 25 28 30 30 36 45 49 49 52 53 54 54 56 57 58 61 63 63 65 67 69 75 76 76 76 77 77 78 82 84 84 86 87 87 87 87 89 90 94 96 99 
List 47: 1 1 2 2 5 6 6 6 8 8 9 9 10 17 21 22 23 23 26 26 28 29 33 34 41 43 45 46 47 47 49 50 51 52 57 59 63 70 71 77 83 84 85 86 93 95 100 
List 48: 2 2 4 5 6 7 7 8 9 10 14 16 18 20 24 27 32 35 39 42 45 46 50 50 50 53 54 55 56 56 59 59 61 61 64 69 69 70 71 71 76 77 82 90 91 92 96 96 
List 49: 2 3 3 5 5 8 11 12 14 15 15 17 18 21 23 28 31 32 33 34 37 39 40 44 47 51 52 53 55 60 60 62 63 66 68 70 75 81 81 82 85 87 90 90 91 97 97 98 99 
List 50: 2 4 7 8 8 11 15 18 19 19 20 22 27 27 27 27 31 37 38 42 46 46 47 47 57 65 65 69 69 74 75 77 78 81 82 85 87 87 87 87 89 89 92 93 93 93 94 98 99 100 
List 51: 1 2 5 7 10 16 16 19 25 26 28 29 32 34 34 37 39 40 40 40 43 43 45 48 54 60 60 62 64 66 66 67 70 71 72 73 80 84 85 85 92 92 92 96 97 97 97 99 99 100 100 
List 52: 0 0 1 1 2 5 7 8 14 16 19 21 21 22 25 25 33 33 34 34 36 38 42 44 48 50 51 53 56 61 62 62 62 63 65 65 66 68 68 69 71 71 73 73 80 83 87 88 90 91 96 100 
List 53: 0 0 5 6 7 10 10 12 13 14 14 14 15 18 19 21 21 28 29 35 35 36 40 40 40 43 43 45 46 47 49 49 50 51 54 60 62 63 64 64 66 69 73 73 83 86 87 87 93 94 97 97 99 
List 54: 1 1 2 6 7 9 12 14 16 16 17 19 20 23 23 23 24 25 29 29 32 33 34 39 42 44 45 48 48 50 50 52 54 58 58 58 59 62 63 64 67 67 69 73 74 75 76 82 83 83 86 86 92 94 
List 55: 0 0 2 5 6 8 8 9 10 11 13 14 16 17 18 19 22 24 26 27 30 30 31 31 34 35 37 38 39 39 41 42 43 47 47 49 60 66 67 68 69 70 77 81 82 83 85 89 91 91 93 96 96 97 97 
List 56: 1 4 5 10 10 14 19 20 22 24 24 25 28 30 30 30 33 34 35 36 37 37 39 44 47 47 49 49 50 53 54 55 58 60 60 60 61 64 65 65 66 68 68 70 71 73 76 78 79 82 86 88 89 92 94 95 
List 57: 0 2 4 7 7 8 8 9 11 11 12 12 13 14 16 16 17 17 17 20 20 21 21 21 21 30 32 34 35 38 38 39 40 45 45 46 47 48 51 55 57 57 57 65 66 67 70 72 83 83 94 94 94 95 96 99 100 
List 58: 4 4 7 10 11 12 13 15 20 25 25 26 26 30 31 33 35 35 35 37 37 38 38 40 41 42 42 44 45 47 48 49 51 55 57 59 61 62 64 69 73 80 81 81 82 84 84 86 86 88 89 90 91 91 92 94 94 99 
List 59: 2 3 4 6 7 10 10 12 14 16 20 23 23 26 28 29 32 33 35 37 38 40 43 43 44 46 51 51 53 54 57 57 59 60 60 61 61 62 63 63 64 68 68 70 72 73 74 77 80 81 81 85 86 88 88 89 90 91 98 
List 60: 0 2 3 4 9 9 13 14 16 18 19 20 21 21 21 23 24 24 26 26 28 29 30 30 31 31 36 44 46 50 54 55 56 58 61 64 65 65 67 68 68 69 70 73 73 73 73 74 78 78 78 79 79 80 80 85 86 87 89 90 
List 61: 3 3 4 4 4 4 5 7 8 9 9 17 17 17 19 26 26 26 27 30 33 33 35 37 38 38 40 43 46 47 49 49 50 50 52 54 57 58 60 62 63 66 68 69 73 74 74 74 74 79 80 85 86 86 89 89 89 93 95 96 99 
List 62: 0 1 2 2 4 9 9 10 13 14 17 18 20 20 20 21 21 21 22 23 30 30 34 35 35 35 35 36 38 38 40 42 52 53 54 55 56 56 59 60 62 65 65 67 69 70 74 74 75 75 80 81 83 85 86 87 87 91 93 97 97 97 
List 63: 2 3 3 4 5 5 6 6 8 9 9 11 14 15 15 19 19 21 26 27 28 30 31 34 35 36 40 45 46 47 54 54 56 57 57 58 60 62 64 68 70 70 71 71 73 74 75 75 78 78 79 81 83 85 87 90 92 92 95 95 95 100 100 
List 64: 2 5 5 6 8 12 14 15 15 17 19 19 21 25 25 25 27 28 31 34 36 42 42 43 43 47 55 57 58 59 59 60 60 62 64 65 65 68 69 73 74 78 78 78 80 81 83 84 85 86 87 88 88 88 90 92 92 94 95 95 95 96 97 100 
List 65: 0 2 3 3 4 5 6 7 8 10 12 13 15 19 20 22 24 24 25 28 30 31 37 41 46 49 50 51 52 55 55 56 58 59 62 64 67 68 70 73 73 73 75 76 76 78 84 85 86 87 88 88 89 90 90 91 92 94 95 96 97 98 98 100 100 
List 66: 1 3 5 9 9 10 15 17 17 17 19 22 23 27 28 29 30 32 33 33 34 35 35 36 37 45 49 56 56 57 58 59 59 59 59 59 59 60 61 64 66 67 68 68 68 68 69 70 74 74 76 76 78 78 81 82 85 89 90 91 91 93 93 96 97 100 
List 67: 2 3 4 5 6 7 8 12 14 15 17 18 20 22 23 23 27 30 33 35 40 43 43 46 47 48 48 50 50 55 55 57 60 61 62 62 63 64 64 64 65 67 68 70 70 71 73 73 77 78 78 80 81 84 84 87 88 90 92 93 94 95 96 96 98 98 98 
List 68: 4 4 6 8 9 9 9 11 12 13 13 16 17 17 18 22 24 25 26 28 30 30 30 33 35 36 36 38 39 39 40 41 42 45 49 50 51 51 51 52 53 55 55 56 56 59 64 66 66 68 68 70 72 75 75 75 77 79 80 81 82 84 88 89 92 94 95 100 
List 69: 1 1 2 2 4 5 6 6 8 9 12 15 17 19 20 21 22 23 24 24 25 26 27 29 29 29 31 32 32 33 34 40 41 42 47 50 52 52 53 53 53 53 56 56 58 58 59 63 65 65 70 74 75 76 77 80 81 82 82 84 86 86 87 88 89 89 93 97 98 
List 70: 0 0 1 1 1 1 4 5 8 11 13 15 15 19 20 21 22 25 27 27 28 29 29 32 35 38 39 39 40 41 42 43 46 46 54 58 61 61 62 62 63 63 67 68 68 68 69 71 71 75 76 77 77 80 80 84 84 85 86 88 88 89 90 91 91 92 93 94 97 98 
List 71: 0 0 0 0 6 7 9 9 9 10 10 12 17 19 20 20 21 24 24 26 26 27 29 29 29 30 31 32 33 35 36 36 38 39 41 42 44 44 44 44 45 46 52 54 56 56 60 61 64 65 66 66 67 68 70 70 71 71 72 74 75 75 76 77 80 81 83 84 88 92 94 
List 72: 0 2 3 3 4 6 7 8 10 11 12 15 16 18 18 19 21 21 22 26 27 30 32 35 36 36 40 40 43 43 45 49 49 51 54 55 56 56 57 58 58 58 60 63 63 64 64 65 68 69 72 72 75 77 77 78 78 82 83 83 83 84 86 92 93 93 95 95 96 97 99 100 
List 73: 0 2 3 6 6 6 6 7 8 8 12 13 16 17 18 21 22 23 24 25 25 29 32 32 32 33 35 35 37 40 43 44 44 45 46 46 47 47 48 49 49 49 50 50 54 56 59 59 59 64 65 65 66 70 70 71 77 79 83 84 88 89 89 90 91 92 93 93 95 96 97 98 99 
List 74: 3 3 6 8 8 8 11 11 11 11 13 15 18 19 19 19 20 23 23 25 26 29 29 31 32 33 35 37 38 39 40 40 44 45 46 46 47 51 53 53 56 57 57 61 61 61 61 63 64 64 68 71 72 72 72 76 76 80 80 82 83 86 86 87 87 89 89 90 91 91 94 96 96 98 
List 75: 1 2 4 6 7 9 12 18 19 20 21 22 22 22 23 24 25 31 32 32 33 34 34 35 36 37 38 38 39 42 43 44 46 46 50 51 51 55 56 57 57 58 60 60 61 61 62 62 63 63 63 63 68 69 69 72 72 73 75 75 77 80 80 81 82 83 83 84 87 88 90 94 96 96 97 
List 76: 2 2 2 5 6 9 9 10 13 14 16 20 22 23 27 28 28 29 30 31 33 36 37 42 42 43 44 44 45 46 48 49 50 51 53 53 55 55 56 57 57 60 62 62 62 67 67 67 68 69 69 71 73 73 74 75 77 77 78 78 80 81 82 82 82 82 83 83 83 90 91 94 95 96 99 99 
List 77: 0 3 3 4 5 6 8 9 9 10 13 14 18 19 19 21 23 23 25 25 26 26 27 29 29 30 30 32 32 35 36 38 40 41 41 43 44 47 47 49 50 51 51 52 53 54 56 57 57 60 61 62 63 70 71 71 71 72 72 72 73 74 79 80 81 85 89 91 96 97 97 98 99 99 99 100 100 
List 78: 0 0 1 1 3 3 4 4 6 7 8 11 11 12 12 14 14 18 21 23 25 26 26 27 29 30 30 34 34 35 35 38 40 41 41 43 48 49 51 52 54 54 57 62 63 63 65 66 67 68 69 69 71 72 74 76 76 76 77 79 80 83 84 84 84 85 85 87 88 89 91 91 91 93 95 98 99 99 
List 79: 1 1 1 4 4 4 5 7 13 15 15 16 19 20 20 21 21 21 22 22 23 25 25 26 28 28 30 35 37 37 37 41 42 43 44 44 46 48 48 49 49 49 50 51 53 54 55 58 60 62 64 65 65 68 71 72 75 77 77 78 78 79 80 81 82 83 85 85 86 86 88 91 96 96 97 97 97 100 100 
List 80: 2 4 5 5 6 6 7 9 9 10 10 13 13 15 16 16 16 17 17 18 18 19 19 20 21 24 26 27 27 29 31 33 35 42 42 42 44 46 47 48 50 52 55 57 58 60 60 61 62 64 65 67 68 69 70 71 71 71 76 76 77 78 78 79 80 83 83 84 87 91 93 93 93 93 94 94 95 95 98 99 
List 81: 0 0 1 2 4 4 10 10 13 15 16 19 20 20 23 24 26 27 28 28 29 29 30 31 35 36 41 42 43 44 45 45 46 48 49 50 50 52 54 56 56 59 60 60 61 61 63 63 66 66 67 67 67 69 71 72 73 73 73 75 76 77 77 78 78 79 79 79 79 81 83 85 86 87 89 90 91 92 96 97 100 
List 82: 0 7 8 10 11 11 11 18 19 19 19 20 24 25 26 26 26 27 27 29 29 30 31 31 32 34 34 36 36 37 39 40 40 43 43 43 44 48 49 49 51 52 52 53 53 54 54 54 58 58 59 60 61 62 64 65 66 66 67 67 67 68 69 70 72 72 73 74 78 79 80 80 81 85 86 88 89 94 95 95 99 99 
List 83: 1 4 6 9 10 11 12 15 15 17 19 19 20 20 21 22 24 25 26 28 28 32 32 32 34 35 35 36 37 37 39 39 41 41 43 46 47 48 48 51 52 54 54 56 56 56 57 58 59 59 60 66 67 67 68 68 70 72 72 72 74 74 74 74 76 76 78 82 83 83 86 88 90 94 95 95 96 98 98 98 99 100 100 
List 84: 0 1 2 2 3 5 6 8 9 10 10 11 11 11 12 12 15 15 16 17 17 19 22 23 26 27 27 28 31 32 33 37 38 38 38 39 40 41 41 42 43 43 43 44 44 45 47 48 50 51 54 54 58 58 60 62 63 64 66 68 69 69 70 71 73 74 75 76 77 77 80 80 84 86 86 89 92 94 94 94 95 96 97 99 
List 85: 1 1 2 2 2 2 3 4 5 5 6 7 8 12 12 13 13 15 15 15 17 17 17 22 24 26 26 27 27 28 29 29 30 31 32 32 35 36 37 38 38 38 39 40 40 41 41 43 45 45 47 47 49 50 53 55 57 60 62 62 64 65 69 71 73 73 74 75 79 80 82 82 85 86 90 90 91 93 94 96 97 98 98 98 99 
List 86: 1 3 5 6 7 9 11 11 11 12 12 13 13 15 16 19 20 20 22 22 23 25 25 25 26 26 27 27 28 28 31 32 34 36 37 38 39 39 40 41 42 44 46 46 47 48 50 54 54 54 55 59 60 62 62 68 70 73 74 74 75 75 77 78 79 79 79 80 81 83 85 85 86 86 87 88 88 88 93 97 98 98 99 99 99 100 
List 87: 0 1 6 7 7 9 9 9 9 9 10 11 12 13 14 15 16 19 20 21 22 25 26 27 28 30 33 36 36 36 37 37 38 40 40 41 43 44 45 46 46 48 48 49 49 50 53 54 55 58 60 62 66 69 69 69 70 71 71 73 73 74 74 76 76 77 78 79 81 83 83 84 84 86 86 88 89 89 91 91 91 92 93 96 96 98 99 
List 88: 0 0 4 5 6 8 8 9 11 15 16 17 17 18 18 19 22 23 24 24 26 27 28 29 29 31 32 33 34 34 37 37 38 39 40 41 42 42 43 43 47 47 52 52 52 53 54 55 55 58 58 59 61 62 63 64 66 67 69 71 71 72 76 78 78 78 78 81 81 82 82 82 83 84 86 87 87 87 89 89 92 92 93 94 95 97 97 99 
List 89: 2 3 5 7 8 9 10 12 12 14 14 15 15 17 18 21 22 22 22 23 23 24 27 27 27 27 28 30 32 33 33 34 35 36 36 37 38 39 39 40 40 44 44 46 46 49 52 52 52 54 54 55 55 56 56 56 56 57 59 63 63 69 71 75 76 76 76 76 78 78 79 79 79 79 80 80 81 81 83 85 90 92 92 93 95 97 97 98 100 
List 90: 0 0 2 2 6 8 8 10 11 12 13 14 14 16 17 21 22 22 27 28 31 32 33 37 37 38 38 39 39 40 41 41 42 42 44 44 49 50 51 52 53 54 55 55 55 56 56 58 58 59 60 61 64 65 66 68 69 69 71 73 73 73 73 75 75 77 77 78 79 79 80 80 81 81 81 83 84 84 85 86 88 89 90 90 91 92 94 97 99 100 
List 91: 0 1 2 3 4 4 4 5 5 5 6 6 7 7 9 14 14 15 15 17 17 19 19 20 23 24 25 28 28 29 29 31 33 33 34 35 35 36 36 38 40 40 40 41 43 46 46 48 48 51 52 52 54 55 58 58 60 61 63 64 65 67 67 68 69 70 70 70 71 72 72 72 75 76 78 81 81 87 87 88 89 90 90 91 92 92 95 95 96 96 99 
List 92: 0 1 1 2 3 4 4 5 6 8 8 8 9 13 13 13 14 15 16 17 19 20 23 24 24 26 27 27 28 29 34 34 34 35 37 37 39 40 41 41 42 43 43 44 46 46 47 48 48 49 49 49 50 54 55 55 56 58 60 62 65 65 66 69 69 70 71 75 76 77 77 77 79 79 80 80 80 82 88 88 89 90 91 91 93 95 96 96 96 97 97 100 
List 93: 0 2 3 4 8 8 8 9 9 9 10 11 15 17 17 17 18 19 21 22 22 24 24 25 26 28 29 30 31 31 32 34 35 39 40 40 41 41 41 42 42 43 43 44 47 48 50 53 53 54 55 58 59 59 59 60 62 62 64 64 65 70 71 71 72 72 72 75 77 78 78 79 82 84 84 85 86 86 89 90 90 90 92 93 94 94 95 96 97 98 100 100 100 
List 94: 0 1 3 3 4 4 5 6 6 7 7 9 9 10 10 10 11 12 12 12 13 14 19 19 20 20 21 22 23 24 25 26 27 27 28 29 33 35 36 39 41 42 43 43 43 44 44 44 44 45 46 47 48 52 52 55 56 56 56 58 59 60 62 62 63 64 64 64 65 65 66 66 67 68 70 72 73 76 79 80 80 82 83 83 83 86 86 87 88 95 96 98 99 100 
List 95: 0 0 1 1 2 3 3 4 4 6 7 7 7 9 10 11 13 14 18 20 21 23 23 26 28 29 29 30 31 33 34 35 35 36 39 40 40 41 43 44 45 46 46 46 46 47 47 49 49 49 50 51 51 52 54 54 54 55 56 58 60 60 60 62 63 64 65 65 66 67 68 68 69 73 74 74 74 75 77 78 78 80 80 81 83 85 86 87 87 90 91 92 94 97 100 
List 96: 2 3 4 4 4 4 7 9 9 13 14 15 16 18 19 20 22 25 25 26 26 26 27 28 28 29 30 30 31 32 34 39 41 41 43 43 44 44 45 47 48 50 54 55 55 56 57 58 58 58 59 60 61 61 64 64 66 68 68 69 69 70 71 72 73 73 73 74 74 77 77 77 77 78 79 79 80 83 84 88 89 90 91 92 92 94 94 94 96 96 96 97 97 98 99 99 
List 97: 0 1 1 2 3 3 4 5 6 8 9 9 11 12 13 13 14 14 15 17 17 17 18 20 20 21 23 24 24 26 27 27 28 30 31 32 32 34 35 36 37 37 40 42 44 47 48 49 50 52 52 52 55 56 57 59 60 61 61 62 63 64 68 68 68 71 71 71 72 73 74 74 75 76 77 79 80 80 83 84 85 86 88 88 88 88 89 90 90 94 94 95 96 98 99 99 100 
List 98: 0 1 2 4 4 6 8 11 11 12 20 20 23 23 25 26 27 29 30 34 34 36 36 37 38 40 41 42 42 42 44 44 45 45 45 45 48 48 48 48 49 49 52 52 53 53 54 57 58 58 59 59 59 59 60 60 61 61 61 62 62 65 65 66 66 67 67 68 68 69 70 71 72 72 73 74 75 76 77 78 78 80 82 83 84 84 88 89 91 91 92 93 96 97 97 98 98 99 
List 99: 1 1 3 3 4 6 7 7 14 15 16 17 17 19 20 21 21 22 22 22 23 23 23 24 24 25 26 26 27 28 30 32 33 34 35 36 39 40 41 41 43 44 47 48 48 49 53 54 55 56 56 57 58 60 60 61 62 64 64 64 64 65 65 66 67 72 73 73 73 73 73 75 76 78 78 79 80 80 80 81 81 84 84 84 85 88 89 89 90 91 92 93 93 94 94 95 96 98 99 
List 100: 1 1 1 2 2 3 3 5 5 8 10 10 11 11 12 13 13 14 15 16 17 18 19 20 20 21 23 25 25 28 28 31 32 32 33 33 33 34 35 36 36 38 39 39 42 44 44 45 45 47 47 50 50 52 54 54 57 58 59 59 59 61 61 62 62 62 62 63 64 65 66 66 67 68 68 68 69 69 70 73 73 76 76 78 78 79 80 81 88 90 91 93 95 98 98 98 99 100 100 100 
