[]
[422]
[103, 309]
[114, 540, 884]
[73, 550, 680, 723]
[46, 264, 525, 536, 686]
[131, 167, 378, 387, 653, 956]
[62, 74, 175, 202, 410, 564, 848]
[87, 110, 199, 249, 770, 874, 940, 973]
[2, 228, 282, 316, 692, 789, 790, 810, 883]
[66, 153, 413, 464, 593, 733, 845, 892, 900, 954]
[62, 89, 144, 153, 204, 279, 442, 501, 509, 746, 890]
[76, 160, 181, 263, 311, 357, 406, 535, 547, 579, 594, 722]
[48, 119, 161, 218, 413, 510, 560, 604, 606, 660, 709, 754, 877]
[38, 98, 139, 314, 355, 376, 475, 734, 749, 826, 847, 849, 970, 974]
[45, 78, 102, 183, 219, 331, 431, 508, 527, 688, 799, 803, 813, 825, 831]
[80, 118, 165, 253, 283, 363, 384, 436, 537, 610, 630, 656, 690, 694, 784, 928]
[39, 78, 81, 145, 190, 256, 265, 296, 498, 600, 607, 659, 750, 871, 884, 929, 990]
[79, 97, 119, 149, 187, 196, 206, 209, 290, 295, 402, 455, 464, 492, 510, 512, 776, 932]
[77, 384, 435, 462, 485, 502, 517, 607, 660, 678, 725, 767, 816, 827, 835, 864, 885, 932, 951]
[53, 109, 112, 157, 172, 267, 292, 297, 307, 349, 439, 510, 541, 618, 635, 656, 809, 842, 859, 954]
[50, 72, 84, 90, 119, 139, 165, 193, 235, 246, 247, 300, 312, 399, 554, 610, 734, 735, 903, 904, 971]
[96, 117, 173, 194, 216, 230, 300, 421, 440, 472, 508, 518, 530, 544, 607, 617, 628, 782, 832, 893, 919, 956]
[19, 32, 56, 63, 136, 137, 137, 144, 249, 260, 399, 538, 546, 582, 583, 584, 649, 719, 920, 960, 983, 991, 997]
[1, 10, 48, 74, 128, 129, 185, 297, 315, 373, 395, 409, 437, 459, 478, 484, 504, 622, 769, 779, 808, 829, 866, 992]
[16, 22, 22, 30, 143, 174, 190, 309, 337, 354, 484, 497, 503, 537, 546, 548, 552, 617, 621, 621, 717, 771, 810, 837, 982]
[16, 50, 145, 148, 195, 221, 249, 271, 399, 454, 462, 476, 497, 576, 617, 649, 781, 782, 795, 811, 816, 847, 862, 932, 955, 972]
[19, 59, 106, 124, 135, 188, 269, 272, 302, 311, 320, 383, 384, 402, 404, 473, 475, 476, 488, 521, 543, 590, 687, 691, 725, 772, 813]
[45, 52, 57, 105, 164, 167, 172, 274, 289, 301, 408, 436, 447, 472, 551, 561, 566, 569, 580, 643, 729, 809, 863, 909, 930, 954, 973, 986]
[101, 150, 157, 161, 188, 199, 225, 255, 257, 271, 300, 326, 375, 438, 467, 504, 518, 549, 557, 589, 593, 597, 642, 646, 720, 729, 768, 783, 966]
[5, 22, 71, 186, 246, 256, 367, 393, 474, 490, 498, 504, 505, 609, 649, 662, 747, 761, 770, 779, 796, 878, 895, 909, 924, 950, 980, 987, 991, 997]
[40, 53, 76, 88, 109, 142, 148, 173, 184, 198, 236, 283, 291, 299, 319, 402, 405, 449, 454, 455, 478, 479, 515, 718, 810, 823, 854, 856, 912, 980, 982]
[33, 64, 97, 98, 121, 164, 188, 189, 201, 211, 320, 333, 348, 371, 376, 391, 496, 509, 526, 576, 580, 619, 658, 691, 705, 709, 714, 724, 734, 800, 818, 900]
[25, 40, 50, 60, 93, 133, 171, 175, 204, 238, 276, 319, 325, 340, 359, 393, 416, 433, 507, 566, 639, 689, 720, 721, 784, 784, 791, 821, 831, 855, 899, 903, 981]
[61, 62, 118, 134, 139, 146, 149, 156, 172, 237, 306, 311, 373, 387, 449, 454, 509, 590, 669, 719, 795, 821, 822, 827, 835, 873, 883, 885, 885, 939, 943, 955, 965, 995]
[27, 41, 52, 115, 132, 142, 166, 188, 211, 213, 227, 254, 380, 425, 445, 458, 479, 502, 525, 576, 614, 737, 738, 753, 755, 815, 836, 853, 871, 880, 909, 916, 974, 978, 993]
[5, 24, 34, 45, 81, 87, 94, 96, 129, 138, 141, 155, 257, 279, 297, 305, 358, 385, 540, 547, 565, 588, 669, 746, 769, 795, 802, 817, 867, 885, 902, 921, 947, 959, 986, 993]
[46, 48, 82, 85, 106, 109, 129, 191, 198, 213, 227, 234, 236, 276, 283, 284, 311, 404, 429, 434, 446, 477, 494, 611, 632, 637, 653, 660, 705, 718, 766, 767, 774, 790, 877, 947, 971]
[65, 66, 73, 136, 137, 138, 180, 222, 232, 243, 363, 374, 418, 429, 430, 435, 517, 523, 545, 557, 609, 632, 647, 655, 710, 725, 726, 738, 745, 755, 809, 828, 855, 869, 894, 978, 981, 985]
[17, 45, 81, 81, 100, 154, 159, 187, 194, 229, 244, 275, 319, 328, 330, 361, 370, 461, 461, 499, 540, 554, 567, 573, 647, 648, 671, 679, 734, 736, 754, 769, 799, 814, 855, 890, 893, 901, 976]
[43, 74, 74, 89, 109, 138, 182, 198, 212, 259, 271, 296, 319, 361, 384, 401, 402, 425, 442, 444, 473, 478, 501, 564, 587, 588, 595, 596, 639, 641, 726, 739, 794, 808, 877, 919, 926, 934, 941, 984]
[2, 42, 77, 89, 96, 140, 148, 188, 193, 281, 293, 300, 337, 378, 405, 414, 429, 476, 487, 497, 503, 552, 560, 564, 593, 620, 629, 643, 646, 658, 694, 700, 790, 790, 796, 807, 834, 944, 949, 963, 965]
[48, 104, 113, 149, 152, 176, 237, 264, 333, 341, 351, 368, 377, 419, 426, 450, 458, 505, 513, 536, 546, 551, 553, 555, 564, 592, 605, 610, 697, 699, 706, 716, 758, 760, 774, 798, 842, 876, 882, 959, 984, 993]
[26, 31, 41, 67, 67, 68, 117, 157, 169, 173, 186, 198, 213, 220, 270, 298, 324, 326, 340, 370, 375, 416, 423, 442, 448, 456, 464, 474, 484, 546, 548, 563, 574, 592, 658, 722, 762, 767, 825, 872, 919, 920, 985]
[12, 85, 116, 118, 142, 172, 211, 254, 263, 269, 282, 287, 291, 332, 339, 370, 402, 451, 455, 483, 488, 492, 494, 524, 561, 573, 610, 623, 637, 650, 725, 735, 739, 823, 846, 865, 900, 912, 913, 930, 961, 965, 971, 989]
[13, 18, 19, 26, 50, 61, 67, 129, 173, 185, 186, 213, 244, 299, 370, 407, 417, 444, 484, 487, 509, 511, 521, 523, 532, 549, 612, 619, 654, 680, 700, 741, 759, 760, 761, 761, 774, 803, 809, 821, 823, 894, 900, 939, 974]
[4, 30, 62, 66, 68, 108, 124, 135, 165, 182, 230, 233, 245, 257, 276, 299, 320, 361, 478, 496, 530, 560, 602, 611, 640, 664, 665, 673, 678, 712, 724, 754, 781, 799, 806, 817, 831, 832, 836, 836, 837, 850, 911, 958, 988, 994]
[6, 10, 20, 91, 101, 112, 133, 138, 157, 161, 172, 178, 197, 229, 261, 267, 286, 287, 330, 363, 367, 393, 412, 424, 425, 456, 496, 516, 520, 577, 693, 732, 738, 749, 761, 765, 777, 784, 811, 843, 873, 881, 889, 927, 951, 971, 972]
[26, 40, 45, 46, 48, 70, 84, 107, 125, 137, 171, 189, 197, 213, 213, 223, 329, 340, 346, 350, 366, 393, 406, 415, 416, 438, 457, 471, 486, 540, 568, 575, 598, 623, 628, 666, 675, 676, 683, 687, 731, 740, 776, 851, 868, 917, 946, 991]
[24, 26, 39, 70, 109, 134, 146, 195, 220, 226, 253, 256, 297, 297, 302, 311, 314, 323, 343, 349, 368, 379, 388, 393, 395, 438, 484, 532, 568, 571, 587, 615, 631, 632, 646, 658, 742, 742, 747, 762, 766, 809, 826, 826, 915, 937, 953, 988, 994]
[36, 59, 60, 62, 105, 119, 123, 167, 185, 201, 233, 295, 322, 327, 341, 401, 403, 406, 412, 434, 438, 492, 503, 538, 550, 552, 557, 585, 591, 613, 654, 666, 719, 728, 745, 783, 784, 785, 807, 824, 856, 857, 866, 882, 905, 910, 954, 980, 981, 991]
[0, 15, 24, 62, 75, 86, 105, 129, 142, 164, 166, 191, 193, 204, 219, 221, 228, 271, 286, 314, 326, 333, 408, 462, 483, 508, 518, 519, 527, 550, 603, 633, 674, 695, 703, 714, 743, 783, 812, 813, 815, 831, 839, 848, 871, 895, 897, 909, 914, 974, 983]
[17, 18, 24, 51, 93, 93, 107, 169, 175, 180, 217, 223, 224, 244, 244, 277, 293, 317, 337, 347, 392, 414, 428, 442, 480, 494, 497, 532, 537, 564, 582, 588, 618, 626, 654, 673, 704, 724, 746, 779, 781, 809, 818, 830, 868, 871, 874, 886, 911, 934, 956, 964]
[7, 47, 48, 57, 61, 102, 111, 144, 153, 165, 171, 199, 212, 219, 260, 263, 268, 286, 290, 321, 353, 356, 356, 381, 394, 394, 405, 433, 438, 496, 502, 527, 540, 554, 587, 612, 616, 667, 750, 779, 780, 798, 798, 842, 844, 851, 862, 879, 904, 987, 991, 994, 999]
[41, 49, 53, 87, 89, 97, 138, 211, 218, 250, 255, 268, 276, 315, 336, 357, 368, 378, 446, 462, 471, 482, 493, 497, 511, 528, 584, 591, 615, 652, 685, 703, 726, 735, 742, 773, 773, 785, 805, 827, 840, 847, 847, 852, 852, 888, 895, 941, 942, 946, 949, 954, 958, 977]
[2, 17, 38, 69, 97, 107, 167, 194, 221, 223, 232, 241, 256, 278, 287, 291, 294, 312, 329, 343, 353, 393, 411, 463, 473, 474, 498, 508, 525, 566, 568, 577, 596, 607, 623, 655, 674, 675, 678, 698, 742, 743, 768, 782, 800, 809, 844, 844, 855, 897, 905, 938, 964, 969, 971]
[22, 45, 57, 62, 102, 108, 110, 113, 133, 165, 200, 203, 217, 242, 243, 267, 304, 340, 350, 374, 449, 476, 478, 492, 503, 508, 520, 534, 544, 559, 563, 564, 574, 577, 584, 589, 590, 607, 614, 621, 623, 628, 643, 648, 652, 666, 748, 764, 803, 806, 810, 846, 892, 893, 897, 946]
[18, 23, 61, 83, 83, 115, 118, 123, 124, 133, 155, 202, 217, 240, 271, 297, 342, 351, 362, 364, 367, 379, 382, 438, 496, 504, 517, 521, 531, 549, 587, 587, 602, 606, 618, 629, 666, 674, 679, 687, 694, 724, 749, 752, 773, 782, 792, 801, 805, 809, 826, 861, 865, 934, 963, 973, 991]
[11, 39, 87, 88, 93, 175, 178, 191, 201, 259, 270, 277, 302, 310, 319, 322, 419, 434, 436, 437, 454, 478, 481, 536, 539, 539, 548, 549, 555, 566, 567, 587, 587, 614, 624, 634, 653, 669, 683, 689, 690, 696, 723, 734, 747, 753, 754, 766, 766, 805, 829, 835, 862, 923, 934, 964, 967, 984]
[16, 22, 41, 56, 56, 60, 65, 86, 92, 101, 138, 169, 176, 224, 239, 257, 280, 288, 293, 332, 342, 349, 385, 396, 400, 411, 417, 438, 496, 498, 506, 592, 596, 603, 616, 618, 623, 634, 637, 638, 662, 697, 704, 723, 738, 779, 812, 813, 829, 830, 853, 884, 886, 914, 917, 924, 924, 959, 962]
[10, 10, 27, 46, 50, 77, 123, 131, 150, 160, 162, 169, 187, 216, 227, 243, 291, 293, 349, 357, 388, 407, 420, 421, 447, 454, 461, 478, 493, 498, 516, 557, 571, 581, 582, 604, 629, 632, 642, 668, 724, 725, 761, 763, 763, 790, 799, 830, 851, 863, 869, 889, 899, 912, 913, 915, 944, 951, 954, 976]
[10, 16, 42, 44, 69, 93, 93, 117, 127, 163, 164, 171, 172, 190, 214, 224, 241, 251, 253, 254, 263, 273, 279, 289, 307, 317, 317, 341, 369, 375, 437, 452, 495, 518, 529, 560, 585, 632, 639, 658, 668, 669, 682, 695, 700, 756, 761, 768, 793, 802, 806, 817, 857, 864, 896, 897, 920, 921, 923, 948, 990]
[22, 30, 40, 42, 92, 102, 109, 144, 257, 266, 295, 346, 353, 356, 358, 363, 381, 404, 413, 422, 423, 469, 478, 484, 513, 518, 529, 540, 566, 566, 569, 574, 597, 606, 645, 645, 647, 650, 654, 658, 660, 668, 670, 671, 680, 688, 694, 696, 696, 745, 749, 762, 831, 836, 837, 860, 874, 879, 951, 952, 976, 979]
[5, 19, 26, 29, 38, 81, 107, 132, 140, 156, 159, 164, 165, 186, 206, 230, 236, 251, 284, 296, 298, 303, 303, 317, 326, 384, 401, 441, 444, 461, 486, 498, 501, 502, 577, 592, 603, 603, 643, 667, 672, 689, 699, 700, 722, 745, 747, 749, 766, 780, 783, 829, 834, 873, 882, 886, 910, 928, 933, 959, 969, 983, 987]
[5, 9, 51, 67, 73, 79, 87, 93, 126, 134, 145, 167, 175, 196, 203, 233, 286, 303, 306, 331, 376, 389, 401, 425, 425, 426, 431, 434, 467, 486, 492, 498, 516, 535, 547, 556, 581, 582, 586, 587, 593, 594, 629, 701, 716, 716, 720, 734, 746, 777, 781, 811, 815, 827, 855, 858, 890, 897, 917, 967, 974, 981, 989, 999]
[0, 9, 17, 21, 62, 92, 104, 113, 116, 116, 154, 178, 194, 195, 202, 214, 217, 219, 233, 291, 317, 323, 323, 334, 335, 342, 352, 433, 435, 436, 444, 451, 463, 509, 530, 531, 536, 554, 575, 607, 622, 659, 667, 669, 685, 710, 738, 762, 802, 835, 849, 849, 862, 866, 870, 878, 880, 913, 942, 948, 971, 976, 990, 990, 994]
[10, 16, 40, 55, 55, 70, 99, 118, 122, 168, 172, 176, 184, 186, 196, 217, 239, 269, 273, 285, 288, 294, 312, 341, 344, 373, 374, 384, 390, 395, 400, 409, 435, 457, 459, 478, 546, 548, 557, 580, 586, 587, 598, 607, 690, 745, 745, 782, 788, 804, 844, 853, 863, 894, 898, 899, 910, 917, 929, 931, 941, 942, 950, 965, 971, 999]
[25, 36, 49, 50, 63, 83, 89, 99, 100, 127, 128, 136, 144, 146, 162, 198, 204, 213, 215, 221, 228, 243, 285, 292, 304, 323, 346, 358, 362, 364, 368, 401, 414, 414, 442, 445, 456, 514, 534, 542, 569, 571, 578, 590, 636, 656, 682, 714, 757, 767, 815, 821, 826, 827, 844, 849, 851, 855, 894, 916, 919, 957, 962, 988, 990, 991, 993]
[24, 29, 37, 67, 98, 135, 144, 169, 173, 174, 178, 190, 199, 208, 215, 228, 253, 263, 265, 268, 293, 297, 313, 314, 345, 368, 370, 374, 383, 388, 399, 466, 485, 500, 536, 538, 542, 551, 562, 562, 569, 583, 593, 597, 610, 618, 627, 630, 646, 678, 711, 724, 725, 737, 755, 763, 763, 763, 802, 806, 846, 858, 859, 895, 911, 937, 971, 990]
[19, 27, 29, 36, 60, 98, 103, 124, 141, 145, 153, 164, 191, 195, 219, 229, 242, 242, 249, 253, 267, 307, 340, 340, 360, 386, 402, 416, 426, 431, 433, 474, 502, 509, 521, 544, 544, 571, 590, 591, 601, 614, 618, 628, 634, 644, 652, 655, 656, 676, 691, 694, 696, 727, 760, 768, 773, 798, 799, 805, 830, 833, 869, 881, 886, 921, 958, 967, 969]
[2, 26, 33, 73, 80, 82, 104, 112, 121, 128, 131, 156, 164, 176, 179, 198, 210, 221, 256, 261, 275, 302, 314, 350, 352, 389, 392, 418, 429, 451, 483, 502, 508, 517, 523, 533, 544, 548, 555, 556, 571, 575, 595, 601, 619, 623, 640, 643, 660, 669, 674, 696, 705, 721, 737, 745, 748, 757, 766, 769, 773, 775, 782, 833, 872, 877, 886, 902, 925, 991]
[10, 22, 28, 28, 34, 44, 47, 48, 65, 100, 132, 175, 186, 221, 228, 232, 257, 266, 283, 288, 291, 298, 307, 326, 332, 387, 412, 472, 474, 478, 479, 480, 480, 520, 527, 527, 547, 554, 562, 564, 617, 648, 677, 684, 693, 698, 698, 701, 713, 740, 741, 742, 743, 767, 791, 792, 802, 803, 804, 809, 813, 814, 856, 861, 869, 895, 904, 948, 964, 989, 999]
[4, 11, 16, 21, 50, 108, 109, 125, 132, 142, 154, 159, 160, 169, 174, 189, 192, 248, 284, 332, 369, 370, 372, 387, 419, 420, 444, 447, 462, 463, 465, 466, 488, 514, 524, 539, 541, 572, 591, 601, 615, 630, 639, 675, 694, 694, 701, 704, 734, 745, 765, 771, 772, 775, 800, 801, 842, 854, 875, 876, 901, 910, 922, 923, 923, 927, 938, 941, 950, 956, 980, 988]
[22, 28, 67, 112, 123, 148, 210, 214, 235, 251, 271, 288, 293, 293, 293, 303, 304, 346, 374, 400, 407, 411, 416, 425, 438, 442, 450, 488, 498, 499, 514, 528, 574, 587, 591, 595, 626, 640, 648, 660, 676, 693, 717, 718, 723, 748, 756, 771, 777, 791, 793, 798, 799, 839, 844, 850, 851, 874, 882, 887, 889, 941, 944, 946, 947, 949, 951, 956, 961, 967, 968, 969, 979]
[9, 41, 54, 110, 121, 134, 137, 152, 153, 156, 164, 167, 173, 174, 186, 208, 220, 236, 241, 243, 246, 251, 266, 274, 280, 296, 299, 299, 299, 350, 375, 378, 392, 396, 399, 400, 417, 417, 424, 433, 436, 512, 522, 526, 528, 547, 568, 582, 615, 635, 646, 706, 724, 728, 730, 735, 762, 769, 797, 818, 827, 833, 835, 855, 857, 877, 880, 908, 921, 938, 951, 959, 977, 985]
[4, 12, 21, 38, 41, 42, 64, 79, 89, 102, 113, 131, 156, 158, 166, 171, 182, 200, 210, 244, 245, 246, 289, 301, 302, 308, 311, 323, 334, 344, 369, 382, 388, 390, 446, 455, 458, 477, 495, 519, 547, 550, 553, 577, 582, 612, 618, 631, 633, 647, 668, 671, 680, 739, 743, 777, 780, 781, 783, 797, 802, 809, 818, 848, 854, 880, 913, 921, 923, 927, 929, 943, 948, 967, 992]
[5, 16, 34, 47, 52, 59, 63, 79, 98, 111, 114, 152, 155, 160, 179, 218, 250, 269, 283, 289, 292, 313, 315, 337, 337, 350, 367, 383, 404, 408, 411, 420, 430, 432, 438, 463, 482, 535, 555, 573, 587, 595, 625, 630, 630, 654, 664, 683, 686, 696, 714, 721, 734, 760, 782, 801, 810, 813, 817, 817, 830, 834, 835, 869, 884, 894, 930, 932, 936, 940, 945, 954, 961, 967, 979, 987]
[17, 36, 89, 92, 104, 109, 119, 124, 129, 136, 141, 147, 150, 153, 163, 164, 167, 170, 170, 173, 179, 185, 195, 236, 249, 294, 340, 343, 348, 353, 358, 365, 386, 395, 399, 400, 402, 411, 417, 422, 428, 450, 455, 488, 513, 518, 539, 563, 579, 586, 594, 606, 614, 620, 661, 679, 702, 708, 713, 748, 778, 792, 816, 828, 828, 837, 850, 878, 889, 893, 908, 913, 939, 944, 944, 967, 977]
[5, 17, 19, 35, 52, 56, 57, 57, 63, 72, 114, 117, 142, 144, 151, 193, 196, 199, 200, 222, 234, 240, 243, 280, 335, 356, 377, 378, 378, 379, 382, 431, 485, 517, 531, 550, 566, 567, 581, 584, 590, 595, 627, 643, 664, 667, 668, 684, 699, 704, 714, 734, 738, 749, 753, 765, 765, 766, 767, 771, 784, 801, 816, 820, 821, 823, 860, 861, 901, 935, 950, 952, 952, 955, 976, 979, 992, 994]
[10, 25, 33, 53, 54, 61, 70, 84, 119, 128, 133, 160, 184, 189, 197, 215, 242, 243, 250, 254, 258, 271, 280, 286, 293, 311, 317, 332, 338, 367, 370, 394, 399, 405, 408, 426, 451, 456, 465, 482, 497, 514, 545, 572, 587, 590, 607, 609, 609, 621, 630, 636, 636, 643, 645, 655, 662, 663, 674, 715, 726, 735, 745, 747, 787, 813, 818, 837, 839, 842, 844, 845, 917, 946, 947, 953, 964, 967, 995]
[17, 46, 47, 77, 86, 93, 103, 163, 163, 166, 184, 188, 212, 215, 219, 228, 262, 290, 292, 312, 332, 346, 375, 382, 382, 389, 409, 409, 411, 415, 421, 468, 496, 506, 519, 524, 524, 540, 545, 558, 586, 608, 609, 619, 637, 637, 657, 667, 671, 678, 683, 696, 739, 742, 744, 755, 759, 777, 785, 801, 813, 833, 834, 871, 875, 880, 883, 897, 903, 909, 939, 951, 954, 957, 957, 974, 975, 980, 980, 993]
[8, 20, 48, 68, 88, 105, 111, 111, 115, 116, 121, 137, 137, 197, 214, 219, 250, 259, 297, 298, 311, 314, 331, 332, 356, 373, 375, 378, 383, 387, 409, 426, 435, 468, 476, 486, 487, 493, 498, 506, 511, 516, 520, 552, 554, 574, 575, 585, 619, 626, 633, 643, 645, 652, 653, 669, 673, 682, 683, 703, 748, 766, 772, 781, 785, 791, 802, 819, 826, 866, 873, 885, 898, 902, 910, 922, 923, 944, 947, 980, 994]
[8, 36, 49, 74, 80, 127, 132, 148, 161, 171, 179, 186, 198, 206, 210, 216, 232, 254, 256, 259, 268, 273, 275, 279, 281, 294, 303, 303, 306, 333, 335, 341, 359, 371, 384, 398, 421, 430, 450, 462, 480, 496, 519, 520, 525, 525, 527, 551, 559, 564, 585, 609, 613, 615, 616, 634, 653, 657, 665, 672, 717, 749, 750, 771, 782, 793, 798, 802, 834, 866, 870, 881, 884, 887, 888, 911, 911, 912, 950, 952, 962, 967]
[7, 16, 23, 23, 53, 65, 88, 116, 148, 153, 155, 156, 173, 176, 206, 211, 212, 235, 261, 272, 282, 284, 289, 297, 301, 308, 325, 347, 361, 380, 389, 392, 392, 396, 399, 417, 418, 428, 498, 500, 501, 518, 523, 524, 528, 533, 540, 554, 560, 564, 590, 594, 609, 662, 675, 679, 696, 711, 722, 741, 746, 754, 757, 771, 771, 789, 805, 808, 823, 825, 833, 851, 855, 864, 880, 885, 885, 893, 898, 907, 912, 963, 993]
[5, 9, 18, 19, 28, 29, 46, 46, 55, 56, 61, 65, 84, 91, 100, 127, 131, 132, 134, 138, 147, 153, 160, 172, 177, 178, 182, 199, 202, 226, 226, 279, 302, 356, 379, 383, 385, 419, 427, 433, 452, 460, 489, 495, 534, 538, 551, 555, 558, 569, 590, 605, 627, 638, 638, 646, 694, 707, 711, 721, 739, 768, 792, 824, 841, 853, 861, 865, 871, 884, 888, 900, 907, 907, 922, 926, 945, 948, 953, 976, 976, 977, 978, 982]
[1, 34, 41, 42, 50, 55, 74, 83, 91, 118, 124, 141, 165, 174, 189, 192, 224, 243, 256, 261, 287, 289, 292, 295, 299, 303, 317, 326, 335, 338, 370, 389, 402, 411, 440, 443, 458, 464, 484, 493, 499, 502, 505, 511, 515, 540, 561, 563, 570, 580, 599, 615, 623, 633, 639, 647, 650, 654, 660, 667, 674, 696, 698, 703, 748, 759, 759, 799, 829, 829, 845, 858, 860, 874, 912, 913, 923, 929, 949, 961, 969, 984, 985, 992, 993]
[17, 32, 44, 45, 48, 54, 68, 71, 77, 79, 93, 101, 103, 103, 111, 113, 124, 158, 168, 177, 205, 211, 216, 240, 240, 250, 268, 278, 282, 285, 287, 308, 310, 326, 333, 361, 362, 363, 364, 374, 375, 390, 397, 400, 416, 437, 454, 457, 488, 501, 506, 519, 521, 545, 547, 558, 573, 582, 592, 603, 605, 613, 619, 639, 647, 660, 711, 718, 757, 758, 774, 806, 843, 844, 850, 855, 871, 884, 903, 912, 942, 943, 955, 966, 976, 980]
[13, 15, 16, 21, 35, 36, 39, 63, 80, 88, 92, 93, 101, 102, 111, 114, 114, 115, 115, 135, 149, 171, 192, 197, 230, 248, 272, 280, 317, 345, 350, 354, 368, 372, 377, 394, 413, 414, 436, 446, 450, 464, 484, 514, 516, 527, 536, 585, 600, 621, 626, 628, 632, 645, 651, 656, 659, 666, 674, 679, 712, 734, 735, 738, 799, 824, 824, 835, 852, 862, 864, 895, 900, 904, 904, 912, 919, 924, 930, 939, 940, 942, 946, 950, 964, 977, 998]
[22, 39, 40, 60, 64, 79, 109, 141, 150, 171, 184, 189, 190, 193, 229, 236, 249, 251, 256, 278, 282, 328, 337, 349, 349, 352, 364, 377, 414, 434, 448, 451, 452, 478, 493, 497, 503, 510, 524, 526, 527, 529, 557, 567, 569, 584, 599, 602, 610, 638, 640, 644, 662, 680, 697, 700, 722, 735, 759, 761, 769, 808, 822, 822, 835, 845, 856, 861, 867, 885, 885, 887, 888, 891, 900, 906, 919, 931, 942, 942, 947, 954, 958, 958, 961, 966, 993, 994]
[8, 15, 41, 46, 49, 60, 99, 122, 124, 124, 138, 148, 176, 200, 202, 209, 216, 221, 236, 236, 280, 286, 322, 334, 338, 344, 375, 379, 382, 383, 386, 387, 400, 403, 409, 417, 418, 419, 427, 428, 438, 472, 478, 487, 507, 508, 512, 532, 538, 538, 577, 586, 599, 605, 628, 643, 645, 662, 670, 671, 704, 727, 731, 732, 734, 748, 765, 778, 780, 780, 790, 794, 802, 810, 854, 856, 859, 911, 919, 924, 924, 935, 943, 947, 969, 970, 978, 984, 997]
[4, 18, 24, 27, 53, 59, 75, 76, 80, 81, 96, 124, 126, 170, 189, 191, 215, 216, 232, 242, 249, 257, 262, 268, 271, 273, 285, 308, 337, 337, 344, 352, 367, 385, 387, 394, 405, 412, 422, 430, 457, 459, 462, 499, 501, 526, 535, 566, 574, 582, 587, 604, 617, 623, 623, 646, 658, 662, 681, 685, 688, 689, 690, 696, 706, 713, 724, 745, 754, 762, 764, 773, 773, 787, 801, 802, 803, 820, 827, 845, 877, 879, 887, 892, 893, 917, 922, 925, 932, 946]
[21, 30, 41, 44, 52, 67, 76, 101, 103, 112, 115, 134, 144, 146, 177, 180, 194, 197, 205, 225, 228, 229, 243, 264, 268, 269, 292, 300, 314, 333, 337, 345, 346, 359, 368, 376, 387, 394, 415, 431, 436, 437, 440, 458, 469, 513, 519, 537, 544, 562, 575, 582, 598, 634, 647, 658, 663, 666, 694, 723, 723, 726, 736, 751, 767, 774, 780, 790, 815, 817, 821, 835, 846, 848, 859, 865, 870, 871, 872, 924, 931, 949, 955, 957, 959, 963, 967, 968, 969, 993, 998]
[13, 31, 53, 77, 78, 92, 94, 95, 96, 120, 122, 123, 147, 176, 185, 213, 224, 225, 235, 249, 250, 253, 269, 317, 322, 329, 335, 342, 359, 361, 397, 403, 405, 416, 434, 435, 435, 440, 446, 452, 462, 463, 469, 477, 482, 502, 506, 510, 517, 530, 542, 551, 579, 580, 588, 591, 603, 622, 632, 637, 653, 658, 668, 673, 711, 711, 726, 743, 746, 753, 756, 762, 784, 788, 789, 811, 818, 819, 823, 860, 881, 882, 883, 886, 897, 917, 937, 947, 950, 968, 976, 993]
[7, 15, 22, 37, 38, 43, 43, 56, 73, 75, 95, 96, 97, 97, 99, 111, 124, 134, 146, 173, 182, 194, 206, 212, 218, 221, 249, 258, 271, 286, 296, 296, 307, 312, 333, 363, 392, 398, 399, 404, 409, 412, 423, 424, 426, 428, 431, 433, 460, 474, 501, 502, 518, 538, 539, 540, 569, 570, 572, 595, 596, 642, 671, 673, 684, 715, 717, 724, 741, 753, 760, 772, 785, 789, 797, 798, 820, 825, 827, 831, 841, 873, 877, 900, 902, 902, 926, 929, 944, 949, 973, 985, 994]
[0, 3, 9, 13, 16, 26, 31, 37, 46, 53, 58, 63, 66, 67, 76, 138, 167, 173, 194, 210, 224, 225, 240, 253, 264, 281, 286, 306, 306, 310, 320, 321, 337, 341, 383, 384, 396, 399, 401, 402, 406, 417, 418, 457, 458, 463, 464, 466, 474, 490, 507, 525, 525, 538, 558, 562, 562, 586, 587, 593, 615, 615, 625, 643, 654, 663, 676, 691, 692, 719, 738, 755, 766, 771, 771, 808, 811, 850, 850, 863, 869, 884, 887, 887, 892, 892, 921, 938, 963, 972, 973, 981, 991, 998]
[28, 33, 36, 37, 44, 67, 75, 85, 88, 90, 104, 115, 119, 134, 140, 154, 158, 171, 171, 173, 183, 187, 203, 208, 209, 210, 210, 224, 243, 263, 273, 294, 308, 320, 355, 360, 364, 377, 386, 420, 420, 444, 470, 489, 505, 522, 523, 527, 528, 564, 567, 572, 587, 593, 611, 624, 625, 638, 652, 673, 679, 683, 686, 694, 703, 704, 707, 708, 716, 717, 740, 745, 745, 769, 791, 815, 821, 827, 833, 835, 835, 854, 872, 881, 916, 927, 947, 947, 948, 953, 953, 991, 995, 997, 998]
[6, 9, 12, 42, 43, 46, 65, 77, 93, 108, 117, 123, 148, 149, 155, 156, 158, 159, 178, 187, 250, 251, 257, 272, 283, 299, 311, 312, 322, 325, 350, 355, 381, 406, 406, 421, 423, 430, 479, 479, 486, 499, 502, 513, 530, 535, 545, 558, 561, 571, 576, 592, 626, 633, 660, 711, 720, 729, 735, 738, 739, 741, 744, 769, 772, 773, 777, 781, 791, 794, 796, 797, 812, 820, 830, 841, 859, 863, 869, 881, 883, 887, 888, 897, 901, 907, 910, 919, 923, 928, 942, 946, 955, 982, 988, 990]
[3, 20, 40, 53, 62, 82, 83, 87, 98, 113, 116, 124, 125, 142, 149, 158, 187, 188, 198, 201, 204, 205, 213, 221, 243, 249, 257, 263, 267, 284, 287, 297, 311, 312, 329, 343, 401, 407, 408, 430, 433, 435, 470, 473, 483, 492, 502, 511, 517, 526, 563, 568, 571, 590, 593, 600, 606, 607, 609, 651, 655, 659, 661, 664, 668, 679, 687, 687, 716, 717, 731, 740, 742, 761, 766, 767, 769, 783, 788, 806, 809, 814, 817, 844, 853, 854, 855, 856, 857, 915, 919, 926, 948, 949, 963, 983, 990]
[4, 31, 35, 53, 59, 67, 68, 71, 73, 84, 87, 89, 93, 130, 133, 137, 140, 143, 157, 172, 192, 195, 195, 197, 199, 205, 214, 218, 240, 274, 305, 310, 314, 315, 319, 325, 335, 343, 348, 379, 388, 403, 416, 430, 435, 458, 463, 474, 540, 554, 557, 583, 586, 601, 603, 618, 639, 641, 643, 656, 657, 661, 663, 667, 667, 670, 678, 716, 718, 720, 721, 725, 742, 761, 764, 773, 792, 803, 814, 818, 833, 838, 854, 854, 865, 871, 876, 898, 918, 924, 927, 934, 937, 951, 964, 976, 978, 979]
[2, 28, 36, 61, 76, 78, 81, 99, 104, 107, 114, 126, 132, 138, 161, 183, 196, 207, 208, 213, 230, 231, 245, 247, 257, 309, 309, 310, 312, 316, 327, 327, 355, 359, 372, 385, 448, 452, 474, 478, 484, 496, 503, 518, 518, 519, 523, 529, 537, 539, 559, 562, 564, 565, 568, 568, 579, 601, 626, 627, 636, 657, 666, 667, 669, 675, 679, 679, 704, 709, 715, 717, 726, 735, 750, 752, 755, 755, 773, 801, 811, 827, 829, 834, 840, 873, 877, 877, 881, 894, 898, 928, 940, 960, 966, 976, 980, 982, 999]
[3, 3, 10, 13, 24, 37, 54, 68, 71, 72, 119, 138, 147, 165, 178, 194, 197, 206, 216, 225, 247, 255, 282, 289, 298, 316, 330, 330, 335, 339, 346, 353, 359, 367, 374, 375, 378, 378, 386, 408, 408, 438, 441, 458, 486, 488, 493, 494, 498, 499, 518, 519, 552, 552, 556, 558, 563, 565, 566, 570, 600, 605, 612, 648, 655, 665, 667, 671, 678, 681, 681, 681, 683, 697, 702, 712, 713, 727, 755, 756, 767, 772, 788, 788, 795, 806, 838, 840, 862, 875, 884, 893, 893, 913, 929, 972, 978, 984, 986, 996]
