[819]
[31, 833]
[178, 876, 986]
[93, 256, 278, 502]
[118, 266, 441, 715, 841]
[238, 245, 329, 410, 433, 543]
[258, 285, 463, 558, 560, 748, 958]
[136, 458, 485, 643, 739, 771, 955, 981]
[120, 141, 259, 372, 426, 501, 565, 763, 999]
[156, 179, 219, 244, 457, 489, 561, 683, 940, 998]
[47, 51, 52, 143, 165, 237, 241, 266, 414, 680, 725]
[119, 218, 239, 265, 281, 300, 380, 569, 653, 800, 807, 912]
[88, 105, 187, 321, 383, 462, 492, 512, 609, 813, 829, 852, 872]
[18, 95, 254, 288, 385, 509, 519, 556, 581, 635, 671, 748, 868, 990]
[142, 172, 242, 248, 286, 343, 382, 472, 649, 660, 684, 737, 811, 864, 976]
[43, 121, 217, 229, 295, 333, 342, 431, 450, 471, 474, 559, 651, 694, 847, 914]
[55, 164, 175, 201, 343, 344, 456, 504, 519, 593, 630, 648, 715, 854, 878, 919, 992]
[32, 150, 205, 392, 399, 442, 451, 497, 505, 573, 582, 752, 805, 805, 863, 890, 905, 994]
[107, 162, 210, 282, 306, 314, 423, 461, 508, 515, 556, 640, 674, 769, 797, 889, 926, 967, 984]
[115, 322, 337, 370, 432, 447, 449, 494, 565, 594, 609, 630, 652, 707, 730, 749, 759, 774, 892, 965]
[10, 127, 127, 192, 199, 203, 209, 235, 252, 375, 388, 444, 449, 674, 699, 701, 748, 812, 877, 883, 984]
[58, 103, 265, 289, 325, 336, 351, 355, 405, 416, 434, 447, 542, 727, 741, 757, 804, 823, 887, 972, 979, 998]
[30, 49, 54, 122, 158, 175, 186, 196, 228, 251, 292, 387, 409, 415, 415, 605, 709, 711, 753, 795, 860, 917, 966]
[38, 116, 157, 210, 250, 254, 311, 354, 381, 519, 523, 543, 576, 577, 651, 710, 816, 911, 939, 941, 958, 980, 991, 993]
[50, 92, 114, 125, 151, 154, 165, 255, 280, 291, 300, 311, 314, 404, 450, 601, 610, 681, 818, 872, 907, 911, 914, 934, 989]
[1, 27, 41, 51, 74, 145, 161, 165, 210, 248, 322, 341, 430, 464, 476, 484, 506, 517, 524, 563, 569, 787, 807, 873, 878, 986]
[23, 112, 131, 146, 186, 187, 203, 244, 287, 313, 376, 435, 452, 458, 589, 602, 617, 636, 682, 761, 787, 900, 937, 938, 939, 949, 971]
[15, 103, 143, 148, 178, 220, 243, 248, 251, 280, 394, 431, 490, 495, 523, 539, 568, 615, 771, 779, 829, 847, 853, 952, 961, 964, 979, 991]
[36, 55, 88, 206, 250, 250, 324, 340, 363, 379, 380, 397, 408, 428, 455, 497, 511, 615, 661, 754, 765, 786, 820, 840, 885, 889, 897, 938, 965]
[1, 26, 34, 35, 104, 129, 143, 162, 250, 266, 275, 302, 344, 432, 433, 435, 435, 481, 512, 550, 629, 648, 678, 726, 799, 815, 850, 886, 888, 958]
[72, 123, 167, 226, 273, 284, 308, 362, 381, 383, 393, 394, 407, 407, 439, 586, 628, 658, 679, 683, 687, 737, 737, 815, 815, 857, 888, 892, 900, 912, 919]
[28, 37, 47, 62, 130, 192, 206, 210, 222, 252, 280, 294, 319, 375, 379, 393, 588, 620, 629, 645, 656, 702, 707, 717, 737, 773, 838, 886, 952, 956, 979, 983]
[28, 42, 84, 85, 128, 148, 169, 187, 189, 238, 250, 252, 294, 348, 402, 421, 500, 556, 606, 624, 630, 643, 687, 693, 706, 709, 735, 748, 748, 868, 955, 963, 999]
[71, 80, 131, 149, 167, 179, 267, 279, 328, 328, 333, 339, 348, 358, 370, 429, 457, 493, 517, 530, 533, 556, 641, 648, 700, 726, 727, 750, 788, 825, 849, 895, 958, 996]
[26, 44, 61, 145, 158, 189, 191, 205, 235, 316, 320, 368, 392, 418, 425, 432, 452, 472, 504, 550, 662, 690, 750, 824, 830, 839, 876, 878, 880, 886, 898, 912, 919, 968, 969]
[9, 40, 66, 111, 142, 152, 179, 191, 203, 207, 233, 266, 329, 331, 355, 372, 376, 398, 407, 422, 460, 517, 548, 597, 598, 640, 691, 717, 773, 792, 804, 831, 879, 887, 968, 980]
[30, 30, 99, 99, 101, 130, 143, 144, 162, 199, 208, 212, 231, 272, 281, 282, 302, 356, 363, 439, 451, 462, 558, 566, 574, 585, 601, 628, 688, 699, 701, 708, 730, 750, 755, 811, 861]
[42, 51, 55, 81, 161, 176, 188, 201, 238, 250, 258, 268, 272, 274, 280, 282, 326, 331, 334, 354, 368, 373, 403, 433, 435, 456, 506, 595, 707, 719, 731, 734, 766, 782, 812, 833, 875, 968]
[14, 63, 69, 79, 93, 93, 121, 140, 167, 200, 229, 235, 254, 331, 334, 341, 383, 402, 413, 420, 469, 474, 483, 515, 526, 555, 607, 651, 661, 696, 719, 748, 776, 826, 828, 829, 837, 889, 980]
[4, 22, 46, 90, 93, 102, 104, 115, 139, 205, 218, 223, 273, 304, 311, 331, 336, 492, 523, 532, 585, 630, 645, 650, 672, 750, 751, 752, 786, 797, 831, 867, 868, 878, 891, 908, 914, 931, 953, 994]
[10, 64, 80, 85, 128, 139, 153, 166, 175, 207, 211, 213, 295, 298, 302, 311, 318, 419, 420, 422, 436, 440, 541, 554, 581, 596, 657, 751, 785, 786, 804, 825, 855, 871, 872, 876, 882, 956, 959, 960, 995]
[6, 70, 72, 138, 151, 160, 161, 182, 185, 191, 212, 271, 313, 346, 361, 364, 504, 507, 508, 524, 573, 595, 597, 600, 607, 607, 612, 617, 640, 673, 723, 732, 735, 746, 780, 820, 880, 905, 907, 952, 971, 986]
[12, 13, 16, 47, 53, 61, 69, 97, 140, 157, 164, 168, 182, 185, 189, 205, 206, 252, 323, 345, 359, 397, 421, 424, 476, 508, 522, 524, 527, 537, 545, 592, 593, 670, 779, 812, 830, 870, 912, 920, 922, 996, 996]
[22, 62, 74, 81, 134, 177, 190, 192, 254, 276, 300, 336, 359, 362, 388, 460, 464, 479, 489, 498, 500, 500, 520, 575, 621, 632, 658, 661, 668, 682, 708, 725, 742, 816, 821, 829, 921, 944, 968, 970, 974, 982, 983, 996]
[33, 102, 144, 156, 161, 211, 224, 227, 238, 246, 276, 294, 312, 367, 376, 382, 418, 420, 434, 446, 523, 566, 597, 609, 617, 629, 629, 640, 644, 665, 728, 731, 737, 770, 782, 791, 852, 856, 862, 880, 918, 925, 959, 982, 997]
[72, 112, 145, 157, 183, 200, 221, 273, 282, 325, 329, 357, 375, 410, 436, 438, 448, 451, 461, 511, 571, 593, 593, 632, 637, 651, 668, 693, 734, 754, 786, 792, 801, 801, 802, 823, 853, 863, 865, 912, 920, 922, 962, 985, 989, 998]
[2, 26, 29, 99, 112, 121, 122, 128, 173, 212, 222, 233, 238, 250, 271, 274, 275, 309, 339, 347, 352, 354, 373, 381, 434, 465, 471, 506, 515, 526, 563, 650, 663, 689, 716, 755, 766, 771, 774, 776, 816, 837, 845, 856, 860, 880, 883]
[14, 14, 68, 70, 78, 88, 148, 170, 187, 189, 199, 228, 258, 320, 346, 390, 391, 392, 435, 443, 465, 476, 537, 541, 558, 639, 641, 648, 652, 657, 667, 700, 729, 767, 775, 776, 779, 782, 785, 808, 809, 823, 895, 907, 913, 924, 926, 939]
[8, 21, 53, 81, 100, 137, 149, 192, 199, 226, 227, 236, 236, 323, 327, 328, 356, 366, 373, 420, 432, 435, 458, 470, 473, 483, 497, 523, 569, 657, 658, 667, 675, 765, 776, 776, 782, 805, 824, 848, 871, 899, 907, 911, 925, 932, 935, 953, 962]
[4, 62, 73, 94, 107, 112, 128, 128, 136, 151, 181, 224, 311, 312, 335, 358, 365, 391, 396, 453, 485, 485, 504, 524, 559, 580, 632, 672, 701, 709, 712, 720, 723, 726, 754, 826, 843, 853, 871, 881, 911, 918, 918, 919, 936, 937, 961, 977, 992, 997]
[10, 12, 26, 59, 70, 84, 88, 94, 115, 132, 143, 145, 156, 161, 163, 176, 205, 222, 250, 337, 357, 361, 365, 378, 406, 430, 436, 459, 466, 518, 579, 591, 604, 611, 667, 686, 697, 723, 798, 819, 849, 854, 855, 882, 890, 892, 898, 910, 929, 938, 987]
[5, 41, 44, 64, 96, 109, 126, 128, 136, 195, 200, 204, 212, 242, 255, 265, 283, 399, 403, 417, 427, 436, 463, 474, 498, 564, 574, 579, 601, 637, 640, 670, 698, 709, 714, 719, 732, 753, 755, 761, 763, 766, 820, 835, 865, 878, 883, 902, 948, 954, 959, 994]
[18, 39, 48, 49, 94, 135, 161, 179, 183, 184, 304, 316, 319, 356, 363, 380, 382, 418, 437, 438, 445, 466, 483, 498, 502, 513, 517, 519, 548, 553, 564, 571, 596, 601, 630, 674, 685, 710, 717, 737, 747, 756, 757, 801, 809, 816, 837, 862, 877, 895, 943, 964, 990]
[22, 34, 38, 68, 114, 116, 129, 141, 143, 161, 161, 183, 195, 235, 243, 251, 274, 280, 297, 318, 326, 368, 416, 418, 423, 425, 425, 426, 444, 458, 476, 510, 513, 527, 553, 587, 619, 651, 654, 703, 723, 740, 744, 750, 756, 759, 792, 803, 833, 851, 855, 905, 925, 947]
[8, 24, 32, 35, 47, 75, 77, 118, 132, 148, 195, 197, 209, 214, 217, 248, 317, 348, 362, 380, 381, 406, 409, 424, 429, 517, 530, 545, 558, 597, 604, 609, 614, 631, 632, 678, 682, 750, 755, 758, 764, 777, 792, 793, 816, 821, 850, 868, 879, 908, 914, 948, 967, 993, 994]
[27, 30, 38, 76, 84, 128, 129, 131, 142, 144, 159, 167, 189, 196, 210, 210, 243, 295, 308, 315, 326, 346, 380, 405, 414, 431, 434, 439, 452, 487, 507, 519, 524, 528, 536, 541, 557, 612, 628, 633, 648, 730, 764, 767, 800, 806, 882, 884, 894, 910, 910, 924, 928, 966, 968, 980]
[30, 46, 46, 55, 70, 120, 125, 133, 156, 186, 201, 233, 260, 295, 302, 306, 313, 349, 377, 398, 412, 439, 441, 451, 477, 488, 494, 498, 505, 521, 541, 542, 584, 599, 661, 677, 699, 710, 730, 739, 740, 747, 755, 774, 779, 803, 837, 839, 856, 891, 936, 938, 939, 946, 982, 992, 998]
[19, 74, 81, 109, 149, 163, 166, 179, 195, 229, 237, 240, 271, 309, 315, 322, 328, 334, 346, 379, 395, 437, 452, 455, 457, 517, 539, 543, 555, 560, 572, 636, 637, 639, 669, 689, 712, 745, 748, 754, 756, 776, 776, 780, 784, 818, 857, 878, 879, 887, 897, 902, 919, 934, 943, 969, 990, 996]
[6, 48, 50, 52, 62, 87, 129, 130, 138, 157, 174, 187, 204, 233, 261, 262, 266, 279, 366, 384, 399, 412, 420, 420, 496, 503, 513, 516, 522, 544, 564, 605, 608, 610, 641, 642, 643, 660, 665, 681, 681, 746, 770, 790, 796, 803, 804, 810, 813, 836, 852, 862, 876, 909, 934, 939, 939, 958, 965]
[25, 25, 31, 37, 46, 64, 82, 84, 100, 104, 225, 225, 231, 257, 262, 276, 280, 289, 321, 321, 323, 341, 342, 348, 391, 399, 401, 405, 459, 483, 484, 485, 486, 549, 556, 568, 568, 597, 611, 616, 675, 688, 698, 700, 707, 712, 716, 724, 741, 746, 763, 783, 785, 794, 807, 827, 847, 855, 881, 960]
[1, 9, 58, 87, 92, 113, 123, 129, 134, 144, 159, 170, 176, 183, 186, 224, 228, 304, 304, 317, 330, 330, 338, 356, 368, 376, 383, 449, 453, 457, 491, 500, 500, 508, 508, 523, 534, 545, 552, 610, 622, 636, 637, 646, 668, 671, 677, 783, 809, 835, 839, 842, 848, 849, 853, 864, 870, 942, 959, 962, 968]
[10, 24, 26, 29, 39, 43, 44, 97, 107, 120, 133, 142, 153, 162, 187, 191, 193, 195, 204, 221, 283, 285, 330, 331, 338, 341, 357, 364, 365, 380, 387, 450, 457, 474, 477, 497, 533, 569, 580, 612, 671, 707, 725, 741, 744, 761, 777, 795, 806, 817, 835, 890, 902, 911, 923, 928, 933, 945, 947, 950, 974, 990]
[7, 49, 52, 66, 83, 88, 90, 91, 101, 113, 113, 136, 160, 178, 208, 224, 250, 266, 281, 327, 351, 371, 372, 413, 420, 429, 438, 448, 448, 454, 455, 476, 485, 487, 514, 526, 542, 551, 576, 577, 611, 623, 628, 638, 689, 706, 715, 749, 769, 798, 827, 839, 861, 886, 889, 909, 929, 937, 960, 971, 975, 981, 995]
[0, 9, 23, 45, 54, 71, 82, 105, 117, 117, 120, 132, 144, 186, 189, 210, 234, 240, 246, 250, 262, 274, 301, 315, 349, 385, 397, 410, 415, 418, 420, 423, 439, 471, 477, 503, 507, 556, 601, 610, 673, 674, 674, 676, 682, 687, 703, 710, 731, 738, 738, 759, 763, 815, 824, 831, 834, 863, 877, 890, 903, 904, 927, 941]
[7, 24, 75, 82, 117, 148, 163, 164, 170, 246, 250, 252, 256, 275, 286, 304, 320, 358, 360, 360, 368, 385, 390, 393, 397, 401, 417, 430, 466, 485, 499, 523, 544, 556, 572, 573, 591, 610, 616, 628, 631, 632, 633, 640, 655, 677, 677, 694, 706, 706, 708, 737, 738, 757, 772, 787, 827, 830, 867, 890, 896, 905, 966, 969, 992]
[0, 15, 36, 61, 82, 109, 115, 120, 143, 145, 174, 185, 240, 247, 249, 252, 261, 271, 274, 276, 281, 292, 304, 307, 354, 377, 412, 446, 458, 459, 459, 468, 474, 504, 552, 556, 557, 580, 628, 646, 665, 671, 682, 682, 686, 701, 740, 747, 758, 777, 786, 816, 820, 823, 829, 832, 835, 845, 859, 887, 908, 908, 924, 964, 976, 980]
[4, 15, 19, 32, 34, 55, 55, 102, 111, 126, 128, 149, 151, 167, 176, 179, 182, 186, 211, 221, 231, 238, 264, 285, 294, 338, 343, 362, 362, 392, 398, 431, 470, 504, 511, 516, 523, 588, 591, 596, 605, 611, 628, 642, 706, 714, 724, 728, 731, 761, 774, 780, 799, 805, 807, 842, 859, 862, 887, 897, 906, 935, 936, 938, 945, 953, 985]
[6, 10, 19, 46, 55, 71, 96, 146, 150, 152, 154, 155, 164, 174, 174, 193, 204, 204, 235, 244, 255, 287, 382, 402, 423, 447, 460, 467, 481, 483, 486, 491, 535, 570, 579, 583, 603, 609, 613, 622, 622, 676, 685, 688, 697, 699, 702, 736, 747, 787, 790, 791, 807, 816, 823, 854, 856, 867, 909, 947, 948, 950, 954, 954, 961, 982, 996, 998]
[6, 21, 25, 37, 61, 93, 129, 134, 147, 155, 162, 162, 165, 192, 218, 247, 291, 302, 307, 316, 329, 358, 385, 428, 452, 453, 460, 463, 473, 483, 490, 497, 511, 542, 558, 558, 575, 592, 617, 628, 641, 660, 684, 734, 754, 756, 772, 776, 780, 802, 805, 809, 831, 839, 846, 848, 852, 860, 862, 862, 900, 907, 916, 931, 947, 955, 957, 973, 986]
[18, 62, 76, 82, 98, 103, 104, 112, 117, 121, 124, 149, 151, 155, 169, 174, 182, 224, 259, 262, 274, 282, 301, 306, 308, 317, 345, 357, 374, 411, 423, 431, 457, 471, 478, 478, 485, 499, 500, 507, 508, 541, 597, 626, 632, 679, 689, 695, 703, 719, 725, 740, 747, 762, 782, 808, 866, 896, 897, 900, 938, 949, 956, 957, 964, 965, 965, 970, 978, 993]
[5, 28, 31, 66, 78, 86, 111, 116, 139, 178, 180, 181, 200, 203, 205, 211, 215, 227, 231, 244, 255, 256, 284, 291, 303, 320, 373, 382, 391, 411, 422, 438, 446, 458, 514, 538, 542, 550, 556, 597, 604, 605, 608, 617, 639, 671, 674, 694, 705, 709, 710, 713, 718, 728, 751, 758, 777, 787, 802, 821, 842, 849, 850, 852, 876, 887, 891, 892, 907, 980, 989]
[10, 11, 18, 42, 46, 46, 66, 101, 109, 139, 164, 166, 203, 213, 213, 233, 255, 278, 281, 292, 305, 310, 327, 337, 339, 353, 382, 384, 390, 393, 400, 411, 417, 436, 461, 463, 479, 500, 502, 504, 509, 510, 533, 542, 556, 559, 564, 565, 579, 597, 649, 666, 668, 695, 723, 735, 741, 745, 748, 757, 775, 829, 846, 889, 922, 934, 937, 950, 969, 970, 994, 999]
[35, 43, 49, 61, 62, 86, 123, 128, 146, 156, 158, 176, 201, 203, 205, 233, 241, 251, 266, 289, 299, 303, 320, 362, 364, 372, 382, 401, 402, 407, 416, 419, 428, 430, 450, 457, 479, 501, 510, 522, 524, 532, 551, 577, 588, 605, 628, 629, 660, 690, 696, 723, 734, 734, 736, 757, 778, 794, 829, 829, 835, 842, 851, 871, 871, 871, 890, 894, 908, 921, 923, 959, 997]
[23, 37, 41, 51, 55, 64, 66, 78, 82, 87, 96, 103, 110, 142, 176, 180, 183, 249, 249, 251, 292, 293, 349, 365, 369, 373, 402, 408, 408, 410, 421, 426, 433, 473, 481, 488, 512, 528, 533, 555, 561, 564, 571, 573, 605, 636, 657, 662, 670, 671, 674, 676, 681, 690, 695, 707, 709, 763, 787, 809, 810, 864, 875, 880, 912, 929, 955, 962, 963, 966, 968, 973, 976, 985]
[13, 14, 17, 34, 42, 72, 85, 101, 165, 166, 188, 194, 200, 203, 204, 210, 223, 228, 237, 262, 275, 276, 289, 295, 306, 314, 332, 338, 354, 355, 360, 363, 366, 396, 402, 415, 421, 450, 450, 454, 456, 459, 484, 505, 515, 521, 526, 553, 563, 585, 591, 593, 614, 631, 670, 686, 707, 711, 724, 740, 771, 801, 802, 809, 820, 831, 831, 847, 848, 850, 850, 875, 905, 942, 949]
[26, 29, 31, 35, 40, 63, 91, 96, 129, 144, 147, 173, 185, 188, 205, 206, 210, 217, 243, 290, 322, 323, 323, 339, 369, 373, 411, 430, 456, 460, 470, 487, 497, 541, 542, 553, 585, 614, 628, 632, 638, 645, 645, 649, 652, 659, 660, 670, 677, 683, 699, 705, 714, 717, 727, 731, 732, 734, 743, 744, 757, 766, 853, 856, 860, 862, 865, 881, 895, 915, 917, 926, 937, 946, 947, 992]
[1, 4, 6, 15, 16, 25, 71, 72, 77, 117, 151, 153, 190, 191, 194, 196, 203, 208, 213, 239, 253, 257, 306, 318, 322, 352, 383, 396, 399, 414, 421, 423, 437, 453, 490, 494, 496, 503, 510, 521, 540, 545, 562, 568, 568, 572, 574, 582, 583, 610, 614, 617, 618, 628, 657, 681, 703, 715, 731, 741, 747, 752, 782, 794, 794, 803, 811, 821, 824, 853, 865, 874, 894, 928, 935, 958, 984]
[7, 28, 47, 48, 66, 74, 138, 157, 195, 204, 221, 222, 233, 239, 246, 252, 254, 256, 265, 281, 286, 291, 319, 321, 348, 349, 352, 355, 373, 414, 426, 441, 460, 467, 473, 486, 497, 539, 548, 587, 595, 609, 616, 639, 642, 660, 667, 705, 710, 721, 737, 770, 775, 775, 795, 805, 809, 813, 820, 826, 827, 834, 847, 852, 874, 879, 893, 898, 913, 938, 958, 964, 969, 969, 978, 980, 986, 987]
[2, 6, 24, 29, 38, 86, 93, 125, 134, 145, 153, 168, 181, 201, 203, 203, 219, 231, 236, 241, 252, 254, 254, 256, 257, 265, 282, 354, 358, 360, 375, 406, 413, 431, 445, 453, 460, 461, 465, 471, 488, 496, 529, 542, 547, 555, 562, 567, 594, 601, 633, 643, 651, 667, 710, 721, 738, 739, 742, 751, 767, 770, 777, 780, 787, 806, 807, 807, 829, 844, 880, 887, 898, 916, 932, 957, 977, 981, 987]
[3, 9, 36, 56, 74, 91, 95, 138, 142, 149, 149, 154, 188, 220, 239, 240, 242, 313, 316, 334, 341, 348, 365, 374, 382, 389, 399, 445, 450, 461, 477, 501, 520, 528, 530, 533, 542, 546, 551, 552, 589, 606, 615, 615, 617, 621, 625, 626, 641, 651, 657, 682, 690, 699, 699, 700, 707, 732, 742, 777, 779, 779, 794, 810, 815, 825, 828, 835, 845, 859, 866, 888, 898, 902, 907, 914, 925, 946, 990, 999]
[10, 23, 31, 39, 54, 60, 73, 105, 110, 128, 144, 152, 160, 161, 167, 175, 177, 180, 200, 210, 223, 226, 235, 237, 252, 253, 259, 277, 330, 336, 351, 363, 377, 378, 378, 429, 434, 440, 446, 473, 483, 503, 504, 514, 540, 549, 557, 562, 566, 570, 576, 580, 585, 610, 624, 654, 667, 681, 709, 713, 714, 714, 727, 756, 764, 768, 796, 808, 812, 824, 829, 846, 850, 872, 881, 903, 926, 931, 936, 967, 987]
[11, 19, 23, 27, 39, 47, 55, 59, 62, 71, 87, 96, 100, 106, 113, 146, 158, 187, 187, 191, 196, 215, 218, 222, 230, 297, 300, 310, 310, 316, 316, 323, 324, 341, 343, 369, 390, 395, 397, 398, 406, 422, 453, 469, 484, 490, 511, 517, 524, 538, 556, 583, 593, 614, 622, 632, 648, 649, 661, 672, 677, 678, 681, 692, 732, 738, 749, 774, 786, 789, 797, 797, 801, 812, 815, 831, 839, 840, 847, 906, 984, 992]
[15, 23, 39, 53, 81, 85, 90, 93, 102, 107, 120, 125, 143, 148, 155, 163, 164, 167, 192, 221, 230, 255, 269, 274, 283, 290, 297, 317, 320, 342, 364, 377, 386, 387, 391, 428, 433, 457, 460, 490, 492, 512, 564, 565, 578, 592, 594, 609, 617, 618, 631, 636, 647, 662, 683, 706, 712, 765, 771, 788, 813, 830, 839, 841, 856, 859, 859, 860, 874, 878, 885, 902, 905, 921, 938, 953, 959, 972, 985, 992, 993, 995, 996]
[1, 10, 31, 58, 66, 101, 108, 109, 110, 117, 137, 138, 183, 231, 232, 239, 255, 263, 278, 284, 290, 298, 307, 310, 312, 313, 330, 332, 339, 372, 377, 395, 414, 444, 474, 493, 499, 510, 527, 573, 584, 586, 597, 606, 610, 611, 613, 615, 633, 639, 650, 654, 669, 702, 711, 720, 722, 726, 728, 736, 757, 762, 773, 773, 775, 784, 800, 805, 811, 814, 815, 819, 822, 850, 858, 868, 877, 880, 894, 954, 956, 977, 989, 994]
[5, 10, 12, 13, 30, 62, 92, 158, 162, 173, 197, 198, 205, 206, 224, 233, 236, 240, 247, 249, 260, 261, 274, 275, 286, 299, 303, 308, 314, 327, 328, 330, 344, 348, 359, 368, 376, 378, 392, 395, 403, 411, 412, 419, 424, 443, 446, 450, 451, 455, 468, 479, 501, 519, 520, 524, 529, 531, 584, 601, 605, 621, 634, 649, 659, 686, 743, 754, 755, 785, 817, 817, 819, 828, 848, 866, 867, 892, 911, 921, 939, 961, 972, 975, 997]
[7, 10, 13, 14, 27, 47, 54, 56, 83, 88, 98, 101, 105, 108, 119, 126, 160, 160, 162, 179, 189, 203, 218, 231, 242, 265, 266, 312, 326, 346, 350, 372, 373, 378, 413, 414, 419, 423, 444, 471, 473, 491, 492, 500, 500, 538, 569, 583, 584, 599, 601, 605, 609, 639, 644, 645, 680, 718, 719, 722, 727, 734, 752, 756, 758, 759, 787, 795, 817, 841, 842, 851, 851, 852, 873, 874, 879, 881, 890, 915, 921, 927, 944, 951, 977, 983]
[12, 16, 29, 39, 46, 51, 76, 80, 93, 121, 161, 169, 192, 193, 215, 216, 237, 246, 251, 266, 267, 286, 316, 318, 323, 335, 335, 342, 352, 391, 397, 404, 408, 413, 438, 444, 459, 465, 481, 491, 494, 504, 508, 517, 535, 572, 581, 589, 591, 601, 605, 606, 638, 653, 658, 677, 677, 690, 695, 702, 712, 746, 750, 759, 765, 770, 788, 791, 794, 795, 805, 816, 821, 832, 846, 850, 852, 857, 861, 890, 917, 951, 955, 960, 975, 990, 991]
[23, 29, 30, 31, 74, 80, 95, 104, 107, 111, 121, 123, 131, 138, 159, 176, 177, 191, 197, 199, 218, 219, 225, 229, 232, 261, 269, 286, 291, 316, 318, 327, 332, 334, 345, 349, 367, 370, 397, 399, 416, 421, 431, 447, 449, 481, 491, 533, 536, 555, 564, 585, 589, 609, 614, 629, 648, 665, 746, 754, 756, 762, 764, 765, 768, 801, 805, 811, 831, 841, 865, 865, 877, 880, 889, 895, 903, 916, 926, 930, 951, 961, 964, 964, 972, 986, 991, 997]
[0, 3, 28, 37, 69, 79, 91, 100, 106, 107, 116, 120, 122, 127, 132, 152, 159, 167, 172, 178, 204, 230, 248, 249, 288, 302, 312, 328, 338, 346, 351, 369, 371, 379, 393, 425, 430, 434, 443, 454, 465, 465, 477, 482, 559, 574, 582, 605, 608, 618, 625, 634, 640, 663, 676, 682, 696, 697, 709, 715, 717, 726, 727, 740, 743, 744, 756, 780, 799, 800, 800, 805, 818, 830, 836, 874, 890, 891, 896, 897, 902, 902, 903, 906, 917, 925, 940, 944, 997]
[20, 33, 41, 52, 57, 59, 59, 80, 106, 109, 123, 126, 130, 161, 162, 164, 174, 195, 197, 246, 246, 268, 289, 296, 319, 349, 366, 371, 375, 375, 375, 378, 395, 418, 426, 427, 441, 447, 468, 481, 484, 496, 511, 521, 545, 573, 577, 584, 592, 595, 605, 607, 608, 622, 643, 651, 655, 658, 662, 676, 676, 680, 701, 717, 738, 751, 752, 760, 761, 778, 784, 792, 805, 807, 811, 817, 822, 826, 826, 826, 850, 850, 865, 888, 896, 915, 917, 948, 953, 957]
[4, 5, 14, 21, 31, 35, 50, 58, 71, 110, 113, 122, 123, 134, 142, 153, 153, 159, 169, 171, 184, 193, 226, 226, 235, 247, 269, 275, 279, 307, 310, 339, 343, 350, 351, 389, 395, 411, 422, 435, 446, 452, 457, 466, 471, 492, 507, 508, 538, 557, 565, 569, 571, 572, 578, 593, 608, 629, 664, 670, 676, 682, 692, 698, 726, 749, 751, 751, 751, 762, 763, 776, 814, 815, 815, 844, 853, 864, 868, 887, 889, 891, 899, 900, 913, 927, 980, 981, 986, 998, 998]
[1, 22, 22, 41, 46, 54, 60, 73, 86, 88, 97, 102, 104, 110, 122, 122, 125, 146, 161, 192, 192, 205, 223, 233, 259, 274, 279, 323, 331, 345, 346, 353, 359, 364, 371, 375, 379, 390, 391, 397, 412, 440, 441, 448, 451, 462, 468, 468, 470, 485, 487, 490, 511, 524, 525, 535, 538, 547, 549, 553, 559, 571, 576, 586, 589, 602, 604, 610, 619, 623, 631, 654, 663, 671, 673, 704, 713, 728, 754, 778, 805, 816, 836, 846, 868, 878, 924, 930, 980, 980, 997, 999]
[6, 34, 40, 86, 95, 105, 107, 115, 121, 122, 129, 134, 144, 145, 153, 167, 220, 221, 239, 242, 244, 245, 256, 289, 298, 301, 304, 311, 316, 320, 321, 328, 348, 354, 358, 379, 395, 414, 418, 420, 434, 457, 479, 479, 496, 500, 513, 519, 522, 534, 538, 540, 541, 559, 579, 581, 583, 593, 619, 626, 628, 631, 648, 659, 668, 673, 675, 683, 696, 734, 745, 748, 764, 773, 774, 779, 786, 796, 799, 801, 805, 820, 828, 842, 842, 863, 885, 895, 910, 953, 974, 980, 985]
[0, 13, 42, 46, 60, 61, 69, 76, 82, 87, 88, 106, 121, 122, 137, 147, 176, 184, 185, 202, 213, 213, 221, 225, 232, 274, 281, 295, 301, 301, 309, 314, 327, 332, 332, 334, 353, 360, 384, 385, 401, 403, 408, 414, 420, 421, 421, 425, 443, 479, 492, 513, 541, 545, 560, 566, 568, 576, 576, 578, 582, 627, 628, 634, 641, 643, 650, 674, 702, 702, 715, 722, 736, 757, 805, 811, 820, 824, 835, 841, 848, 867, 867, 895, 904, 907, 941, 942, 953, 962, 966, 967, 967, 997]
[26, 34, 51, 52, 61, 105, 136, 154, 189, 196, 201, 205, 216, 225, 245, 257, 259, 271, 282, 290, 293, 295, 316, 317, 331, 342, 357, 390, 417, 417, 419, 431, 442, 445, 451, 455, 468, 473, 475, 478, 482, 483, 499, 500, 516, 520, 524, 532, 536, 536, 544, 547, 550, 560, 565, 577, 587, 589, 594, 606, 614, 633, 636, 652, 657, 696, 699, 708, 709, 712, 731, 740, 744, 745, 745, 762, 773, 779, 793, 796, 820, 835, 840, 849, 857, 864, 874, 891, 912, 921, 924, 932, 963, 972, 992]
[9, 15, 26, 39, 45, 60, 68, 75, 80, 96, 104, 113, 116, 120, 127, 138, 147, 156, 160, 160, 170, 215, 218, 224, 238, 243, 253, 256, 263, 312, 324, 330, 343, 350, 351, 360, 363, 381, 381, 382, 398, 399, 408, 411, 422, 438, 440, 446, 474, 479, 479, 491, 491, 518, 532, 543, 554, 572, 580, 596, 606, 613, 628, 640, 651, 670, 679, 746, 753, 763, 764, 776, 797, 812, 814, 827, 849, 858, 864, 873, 892, 894, 894, 894, 903, 903, 908, 913, 914, 924, 933, 954, 958, 970, 973, 980]
[9, 30, 31, 37, 68, 88, 93, 108, 112, 121, 128, 128, 152, 152, 176, 188, 195, 209, 224, 235, 239, 242, 244, 254, 262, 272, 274, 282, 289, 294, 298, 317, 328, 330, 342, 354, 362, 366, 372, 396, 404, 421, 424, 439, 480, 496, 513, 533, 555, 572, 577, 583, 607, 618, 621, 622, 628, 662, 663, 669, 671, 684, 700, 703, 735, 738, 740, 742, 768, 780, 792, 794, 795, 804, 805, 814, 851, 851, 855, 872, 874, 877, 881, 911, 915, 925, 926, 927, 928, 947, 950, 952, 973, 974, 976, 976, 978]
[10, 12, 14, 27, 31, 47, 48, 49, 52, 57, 70, 77, 83, 87, 90, 94, 97, 99, 107, 124, 136, 137, 142, 154, 159, 164, 171, 180, 204, 211, 212, 232, 248, 262, 263, 264, 299, 302, 307, 339, 345, 367, 381, 387, 414, 415, 420, 432, 440, 452, 466, 484, 501, 504, 510, 522, 530, 542, 543, 560, 564, 579, 594, 598, 606, 608, 612, 624, 666, 666, 672, 677, 696, 704, 712, 717, 730, 741, 743, 748, 754, 779, 785, 804, 846, 860, 872, 877, 894, 894, 911, 922, 927, 927, 946, 952, 959, 971]
[5, 6, 9, 22, 25, 36, 51, 62, 63, 69, 71, 99, 143, 148, 148, 165, 200, 211, 237, 241, 256, 261, 300, 301, 317, 353, 360, 374, 379, 382, 388, 394, 399, 401, 404, 406, 411, 411, 426, 432, 439, 462, 463, 466, 469, 471, 472, 480, 481, 500, 505, 529, 535, 548, 554, 560, 577, 577, 596, 598, 599, 610, 615, 631, 650, 654, 659, 665, 683, 689, 692, 711, 727, 730, 737, 741, 773, 785, 806, 814, 824, 824, 833, 835, 845, 846, 854, 859, 866, 873, 875, 893, 911, 916, 940, 940, 946, 973, 981]
[5, 8, 10, 14, 19, 28, 33, 34, 62, 78, 84, 92, 107, 130, 149, 151, 157, 168, 188, 188, 227, 236, 253, 254, 267, 270, 279, 282, 297, 332, 345, 360, 376, 376, 379, 409, 410, 432, 438, 467, 469, 495, 498, 501, 504, 517, 524, 526, 545, 546, 550, 560, 567, 576, 578, 611, 630, 633, 635, 638, 643, 652, 653, 658, 659, 681, 691, 695, 710, 716, 725, 726, 730, 735, 738, 772, 775, 779, 798, 806, 809, 842, 869, 872, 878, 890, 896, 896, 898, 900, 919, 924, 925, 931, 934, 962, 964, 977, 983, 988]
[7, 16, 17, 42, 43, 59, 60, 80, 117, 123, 131, 133, 140, 142, 146, 177, 177, 197, 206, 211, 217, 219, 240, 259, 261, 281, 297, 302, 314, 316, 336, 354, 362, 362, 394, 395, 398, 403, 408, 447, 448, 457, 460, 462, 463, 468, 503, 509, 514, 525, 535, 538, 541, 544, 547, 558, 561, 593, 601, 614, 627, 641, 649, 661, 662, 667, 674, 681, 687, 700, 701, 715, 717, 729, 736, 737, 746, 764, 769, 775, 778, 779, 790, 800, 811, 819, 830, 856, 859, 872, 883, 914, 915, 920, 923, 933, 936, 948, 950, 977, 998]
